data/events.ecsv
# %ECSV 1.0
# ---
# datatype:
# - {name: coinc_event_id, datatype: int64}
# - {name: ifos, datatype: string}
# - {name: snr, datatype: float64}
# - {name: simulation_id, datatype: int64}
# - {name: far, datatype: float64}
# - {name: searched_area, datatype: float64}
# - {name: searched_prob, datatype: float64}
# - {name: searched_prob_dist, datatype: float64}
# - {name: searched_vol, datatype: float64}
# - {name: searched_prob_vol, datatype: float64}
# - {name: offset, datatype: float64}
# - {name: runtime, datatype: float64}
# - {name: distmean, datatype: float64}
# - {name: diststd, datatype: float64}
# - {name: log_bci, datatype: float64}
# - {name: log_bsn, datatype: float64}
# - {name: area(20), datatype: float64}
# - {name: area(50), datatype: float64}
# - {name: area(90), datatype: float64}
# - {name: dist(20), datatype: float64}
# - {name: dist(50), datatype: float64}
# - {name: dist(90), datatype: float64}
# - {name: vol(20), datatype: float64}
# - {name: vol(50), datatype: float64}
# - {name: vol(90), datatype: float64}
# - {name: longitude, datatype: float64}
# - {name: latitude, datatype: float64}
# - {name: inclination, datatype: float64}
# - {name: distance, datatype: float64}
# - {name: mass1, datatype: float64}
# - {name: mass2, datatype: float64}
# - {name: spin1z, datatype: float64}
# - {name: spin2z, datatype: float64}
# - {name: run, datatype: string}
# - {name: detection_probability_known_position, datatype: float64}
# - {name: objective_value, datatype: float64}
# - {name: best_bound, datatype: float64}
# - {name: solution_status, datatype: string}
# - {name: solution_time, unit: s, datatype: float64}
# - {name: num_fields, datatype: int64}
# meta: !!omap
# - effective_rate:
#     O5: !astropy.units.Quantity
#       unit: !astropy.units.Unit {unit: 1 / (yr Mpc3)}
#       value: 2.7123599515211423e-06
#     O6: !astropy.units.Quantity
#       unit: !astropy.units.Unit {unit: 1 / (yr Mpc3)}
#       value: 2.7123599515211423e-06
# - __serialized_columns__:
#     solution_time:
#       __class__: astropy.units.quantity.Quantity
#       unit: !astropy.units.Unit {unit: s}
#       value: !astropy.table.SerializedColumn {name: solution_time}
# schema: astropy-2.0
coinc_event_id ifos snr simulation_id far searched_area searched_prob searched_prob_dist searched_vol searched_prob_vol offset runtime distmean diststd log_bci log_bsn area(20) area(50) area(90) dist(20) dist(50) dist(90) vol(20) vol(50) vol(90) longitude latitude inclination distance mass1 mass2 spin1z spin2z run detection_probability_known_position objective_value best_bound solution_status solution_time num_fields
[from data line 1180]
1791 H1,L1,V1 18.63195162962296 1791 0.0 8.094593789165225 0.6953494216848369 0.4521334231017508 19143.53238107712 0.510083958088099 2.022183774714788 75.54574267659336 293.8456969487533 60.90576777576871 16.811307996341917 91.57884332430586 1.412222192997507 4.52250239651337 18.757778283665075 30.460502996790183 81.22745354812761 200.10992161790773 4843.6234566912435 18460.73063659082 100965.536450031 5.9858303 -0.69961954 2.500123 286.91121 1.57582 1.398189 0.14336988 0.071169296 O6 0.745286021092767 0.678377060059401 0.7166007238372782 "time limit exceeded" 7203.862393856049 6
1798 H1,K1,L1,V1 18.14977513010528 1798 0.0 2.652299058499376 0.2688231499051581 0.37305056433603556 8389.213776256425 0.1386444704857952 0.7216994666050801 85.7166438428685 362.01523327780205 86.48233709680099 18.715178085066118 83.89586959355414 1.8349610362245992 6.746499470951674 29.75432717579695 43.63993424474472 116.31827003789857 284.9049071995366 13466.573958225572 59109.37925477645 317734.1412179995 1.5676436 0.31318439 2.2704436 334.68548 1.5708564 1.2011061 -0.28985612 -0.054641706 O6 0.0 0.0 0.006018816668732595 "aborted, no integer solution" 0.913444995880127 0
1807 H1,L1 10.11080465124583 1807 0.0 752.0071061090966 0.6285508207599794 0.15339058080693535 86485746.8216435 0.25695292021736704 61.593299411666166 31.91708315908909 1622.9673959496213 525.2460810518611 6.62825853081144 16.442020245239345 161.56975379660915 501.17554065979203 1958.64091431781 271.7517286668233 720.754469605635 1727.9413991831245 63759566.275241345 218384863.6457136 948160438.2366066 2.6411743 -0.013386321 2.3357181 1081.3155 12.313051 3.1777707 0.37984882 -0.42265744 O6 0.0 8.781543688507492e-06 0.01133642735163577 aborted 0.8466598987579346 0
1809 K1,L1,V1 10.89080224536473 1809 0.0 2.1883926100720132 0.33096554546276397 0.5860959398958472 29838.001046970883 0.2918463526434171 1.3639135792854582 110.45931459963322 481.84384118907 122.0148115866992 11.705264634609684 14.805398333263874 1.138039027778256 4.099864418045779 19.236633533892444 61.551808885920366 163.9006347395449 400.2248649895007 17368.130736266874 75738.93090950741 497398.2499227452 3.5805459 0.99729466 2.4920764 505.81492 2.9660177 1.4161156 0.06011261 0.041791623 O6 0.5043306701812343 0.4404300633228112 0.4636441797400346 "time limit exceeded" 7204.098930835724 3
1811 H1,K1,L1,V1 10.50347245877568 1811 0.0 17.49402691736933 0.6606235463153796 0.06969046776859227 2770405.324184042 0.6799200876043866 3.422070151252343 127.61438539624214 991.5415703099593 272.2609843672054 13.630200899788123 10.879625555184168 2.6567025775013255 9.006043678789991 254.48323160918468 132.17543632799868 353.6157377888377 892.9366661821017 249877.73610544662 1087809.8973816507 46433915.63855406 1.5301963 0.77900807 1.0580793 605.44964 2.9288678 1.6637066 -0.013253336 0.0011523724 O6 0.0 0.0 0.012399081023402455 "aborted, no integer solution" 0.7822229862213135 0
1820 H1,K1,L1 14.09099098000938 1820 0.0 185.48389559165315 0.5406849463848851 0.8497680427396972 27827001.348880097 0.6248292621575909 105.65097398602262 79.6938620954752 948.0375213316038 288.16000439312677 12.596868187076957 42.5194287144043 22.94040144205467 157.57439056667485 682.4449324798978 153.92230458959796 403.5109578132477 935.4450721124679 1455856.8300104442 15712875.983700601 99293336.87628597 2.0467384 -1.0602213 0.33669991 1259.3442 8.9834212 2.2940016 0.092854782 -0.054711884 O6 0.0 0.0 0.015733241852438067 "aborted, no integer solution" 0.843944787979126 0
1838 H1,K1,L1,V1 10.83786783477898 1838 0.0 1.9621767447612328 0.2354115316516578 0.6200586638565583 30843.90609227528 0.22948071010732704 0.5131328550668436 109.69886558316648 488.51654618621194 129.8438681933908 14.878493447239492 12.367380794006188 1.6431033679532574 4.82092505398732 15.424403957864216 64.81374690853272 172.81848279156162 427.8507733151327 26071.167568072935 91959.43362310897 413307.8130064664 5.9136872 0.80168081 2.7943314 528.71328 1.9725486 1.5686918 0.11687609 -0.28198173 O6 0.07862106543968668 0.12158196755310605 0.12595503694897864 "memory limit exceeded" 4592.08645606041 1
1840 H1,L1,V1 16.79018694187639 1840 0.0 1.497450673633628 0.30106449923722545 0.2755333903428899 15030.769740858412 0.15297585669688468 0.6634044423826845 67.2416049707681 613.4736146505988 113.36683175454274 17.359748642995832 69.31174252444303 0.9267989597781165 2.946706544211134 10.492519388103881 56.794274979907414 151.3670441699942 371.76903611461665 20884.831379871 78743.28181229637 374846.11321372143 3.1177307 -0.57685072 2.5878992 546.79462 2.7665432 2.3813796 -0.012190202 0.064674136 O6 0.34240019839511815 0.26686695250503717 0.29373650221955877 "memory limit exceeded" 4414.939723968506 2
1844 K1,L1,V1 11.04777575282303 1844 0.0 37.1911996534183 0.36869042157681553 0.6168929067287751 846123.0500046244 0.2805237450713776 16.147229682831885 160.6001180605963 629.5398412842321 150.59548938140304 7.648306525252163 18.129181321830497 17.525569190390076 56.59542765955327 266.5440311769705 75.90441676425496 202.19210091567095 495.0391886792396 542836.8867622067 2061185.9749219068 12747406.852539191 0.80081623 -0.9763249 0.45241596 673.35595 2.1729619 1.3855974 0.042443575 -0.30728659 O6 0.0 0.10567909893387664 0.1336722438288919 "time limit exceeded" 7202.113774061203 4
1852 H1,K1,L1,V1 10.5475859487708 1852 0.0 6.858602756960066 0.1942928980314032 0.49671577481237345 442636.4958083765 0.13609945631140943 1.2428338494477493 147.42691981513053 972.2345399712547 271.7276606695841 12.4617045760254 10.520644801314305 7.0921610603609935 22.88534158946868 83.60109668626963 137.04399200059686 364.9823784336493 892.2738815050609 709632.3375616968 2612866.400136003 14735570.41348314 1.9604612 -1.4076519 0.85675844 964.08496 2.5796626 1.9378021 -0.21248937 0.29771371 O6 0.0 9.363876421788575e-06 0.03681779507058779 aborted 0.7922980785369873 0
1864 H1,L1,V1 10.1005120848866 1864 0.0 1.5244982227468458 0.11927785997996065 0.3617896030741845 27572.119599701033 0.040888443660089806 1.313535532683541 65.6509575676173 833.4490898213146 209.44962214557154 9.46380852366035 11.599098961971208 2.694827099377817 8.59468743972647 34.783592747746475 104.5826100342058 278.7618119968764 685.6125010496252 169063.64110081177 639089.6695610727 3721142.066739775 0.056074744 0.59260366 2.5829386 757.92176 2.2382223 1.9391632 0.28232395 0.030237258 O6 0.045859554850124454 0.10122442738920696 0.10940066159466788 "time limit exceeded" 7203.986048936844 2
1876 H1,L1 11.30294346471431 1876 0.0 191.2015835496549 0.362497079645482 0.3502034039984611 9188107.13891995 0.2228829371798673 11.272810413147532 59.590916690416634 851.2562857575398 246.49268292449756 7.568008381027667 25.633896931058118 92.59779622448133 301.09527307307354 1083.3114618958505 126.79993433033906 336.9138328111295 811.7399675628685 8035970.383783618 28246695.56483016 109876636.97632678 0.56119099 0.81555011 0.92899272 750.0523 2.6411857 2.1300051 -0.034610119 0.078754989 O6 0.0 0.0 0.03739094332681886 "aborted, no integer solution" 0.936237096786499 0
1880 H1,K1,L1,V1 10.17118167178733 1880 0.0 152.59407586993927 0.5146350720270887 0.3994637383509409 12593121.279871063 0.4077124732448803 115.85002131885857 115.14087154300069 961.0872517697679 310.45804325999984 10.973911662037809 9.445666431725856 33.32719947511618 142.7841415882335 919.565978986256 157.32095937633744 419.23805834492885 1024.6377471080923 3867920.6835698816 19693627.069403958 157263336.21657482 4.9082151 0.74037417 2.2189124 876.9026 2.2760579 1.7248563 0.0065314169 -0.23565591 O6 0.0 0.0 0.07733603633511249 aborted 11.958010911941528 0
1884 H1,K1,L1,V1 12.23609117495544 1884 0.0 5.943903823312047 0.38780073657114866 0.5268627719159781 48941.49116631469 0.2530279262534958 0.9103179516218698 151.69520487892441 480.7734937988472 105.88817001659953 15.453960591750945 24.696693205337674 2.621957295501664 8.60534076379786 37.65791085276598 53.47695147251295 142.41625711421813 348.04807601100845 35894.80841800635 141344.67618947037 867823.3468306351 0.60211186 0.008694503 0.41791791 486.5806 1.7533893 1.7494093 0.076650881 -0.21593553 O6 0.44603362432128985 0.3006445986823843 0.3655983516177213 "time limit exceeded" 7202.396013021469 3
1886 H1,K1,V1 22.28626095976918 1886 0.0 0.11474717805621454 0.01331985839011856 0.25195614390187354 1068.1971285881427 0.0475378619428597 0.29026785483084533 101.54194455401739 305.3040204974035 47.561245670674104 10.723823142471424 139.88089020552644 1.9227640719680588 6.1308388167288745 21.756883050862367 23.420099059242887 62.49892756506563 155.2827728889008 5546.847141078869 20984.272631283155 98841.33852754782 0.4658856 0.90724728 2.3914575 274.88012 2.4912576 1.5418929 -0.060248175 0.26679987 O6 0.0 0.18534195847656149 0.21605457960921354 "memory limit exceeded" 5985.332081079483 5
1890 H1,L1,V1 10.26614226583818 1890 0.0 19.277525913444453 0.1901147486590183 0.05525666742892255 2974179.36983118 0.20824208609090464 1.9916618770910508 114.23199403937906 1029.9042000945394 287.8014670414986 9.008151844136863 13.14673712301835 20.808342172452416 126.96540143953159 829.8683464795572 145.289571224906 387.13292603786226 948.2610658489739 2775814.852014201 19585893.452974755 151769581.57681903 4.94575 -0.53813899 1.6478897 574.13422 2.1355949 1.9942572 0.021282748 0.18481378 O6 0.0 0.0 0.024021008995283335 "aborted, no integer solution" 0.7294199466705322 0
1892 H1,L1,V1 12.58841582706889 1892 0.0 10.4452716939165 0.23159445378386484 0.557377957230085 91582.35641603495 0.13246375786965303 4.279393534664485 65.26875155977905 536.8203069977288 111.83839436796599 15.120859349558891 30.363313802121766 8.84736604854356 27.506877592951096 91.48368761267537 56.14929916184565 149.64045122168784 367.2538690557436 150845.96447435845 561580.3859678123 2586198.4363064202 3.0596787 0.1198321 0.31662521 551.74102 2.0030553 1.7542422 0.084946399 -0.15389751 O6 0.03225058298955857 0.16763215820332772 0.22955183087271766 "time limit exceeded" 7202.326870918274 6
1901 H1,L1,V1 17.03374122885454 1901 0.0 1.1933706517846248 0.08987424809106484 0.9047743657558277 61599.28014496497 0.5196164283562102 1.3992735443583453 65.75872984249145 361.6416731316658 66.56412798116585 18.270883857616496 72.73897240174841 2.8450622006025035 9.028151717244038 32.67357194231118 33.08377599567717 88.26840296103552 218.26326113383195 15256.259580538572 57483.96644831327 283060.5196283686 5.8272153 -0.10427357 0.20193741 447.49062 2.5465964 1.4622848 0.036105245 -0.19593397 O6 0.29369175205797976 0.38611879606330884 0.4308089165473044 "time limit exceeded" 7201.854937076569 5
1904 H1,K1,V1 13.72927538526614 1904 0.0 23.5133360291179 0.4459175036552877 0.9293796813940295 778945.9305948232 0.6598663561625292 10.59810642353569 95.28038045798894 463.1421524063603 98.66751996769608 7.226233451074517 37.87566478522057 8.307343508177256 28.174450009697143 138.60926008819172 48.99008874555528 130.6592274448131 322.7808945783953 99107.33789549708 406463.841854068 2642657.3184610805 1.8025028 -0.89318923 2.9398608 607.89955 1.7435954 1.6167619 0.038879707 0.086318427 O6 0.11216962567612965 0.07341452760060674 0.10716078028058959 "memory limit exceeded" 1299.07883310318 4
1905 H1,K1,L1,V1 12.11992390372064 1905 0.0 27.513094807077746 0.43007210952931896 0.43335080598409836 985303.5375824588 0.2965500854699328 1.96226259041283 136.40757995005697 768.0510395758592 202.8110692593033 17.42774462235741 24.21032996054213 9.309144009555755 36.35551483665444 208.2129541553535 102.60989431913083 273.2410578004652 667.0084857453064 551274.6141867228 2612432.2727652607 16112655.353247253 1.9006098 -0.12019673 2.4448483 731.8213 2.7916063 2.2250702 -0.060841266 -0.13935942 O6 0.0 0.0008936927974601709 0.0008936927974601709 aborted 0.4453909397125244 0
1908 H1,L1 11.15775232367846 1908 0.0 68.40243208471128 0.16096432740005215 0.1786792151811263 7882133.948289819 0.11007553621271518 21.10093631111772 32.73291832860559 1141.3276780289225 337.2898684624887 7.6549330251724506 24.359492457971573 89.36336694150894 315.42742748612983 1135.4593354544215 174.24622479009804 462.742464099127 1110.3285270628855 16483062.426281001 60040122.72081363 234828836.1198454 1.4405891 1.1337086 1.0269806 824.06523 8.9784691 1.6909391 0.40146838 0.01439359 O6 0.0 0.0 0.008397164206966363 "aborted, no integer solution" 0.8412129878997803 0
1922 H1,K1,L1,V1 10.77211458802408 1922 0.0 1.4720423699211544 0.10016753273658567 0.5184856481356528 315762.9820610633 0.055504062965875345 0.8492134617304913 75.11923506390303 1853.1326866345398 503.8587005381302 13.64064997959569 10.466923639367728 3.4116552777139253 13.905137325908655 127.73358318708249 252.86311241731232 673.7686388238444 1652.6260369311397 1588650.8152692004 8023951.810862273 100056276.64074779 0.83970333 -1.3784864 0.65290629 1864.2545 12.550481 2.8661398 -0.16349385 0.34291037 O6 0.0 1.786728328040652e-05 0.014779318046079855 aborted 0.605355978012085 0
1924 H1,K1,V1 13.05181940979422 1924 0.0 37.073173984560476 0.34396449949109553 0.6858706280439913 551684.8928182648 0.3190759941884888 3.9050349309725374 107.44968976825476 508.6914491296251 108.0824864460159 8.926073641134717 32.12769428308635 19.89995338960586 59.92821756517493 187.182115076357 54.732546252180896 145.71964985147116 355.4723215461567 302707.39385662455 1079171.490574418 4627497.238451883 0.1624578 -0.061242623 2.6396193 560.48537 3.0016376 1.5843641 0.75165897 0.1112161 O6 0.0 0.0 2.0176294975842793e-07 "aborted, no integer solution" 0.8865180015563965 0
1928 H1,K1,L1,V1 13.28038300383579 1928 0.0 49.49209714104217 0.39363085252876207 0.6157020204261865 1564280.299431035 0.31465996637377114 13.274951391775506 128.3112313868478 677.5986380625027 189.02403413840176 13.990203261847899 30.920925063424008 20.671330808007006 70.03809069413816 350.4474466376575 94.67509848028044 252.5684731898167 621.0044354729839 814892.2153885136 3342972.2788810986 23765542.29964747 5.1465937 -0.4713071 0.54266562 728.73745 2.5288574 1.5759403 0.12500483 0.0078007621 O6 0.0 0.0 0.0994995081544188 "aborted, no integer solution" 1.7058420181274414 0
1937 H1,K1,L1,V1 10.016782520448 1937 0.0 9.861700331231267 0.0841012863567963 0.6740601565240557 1934831.2482413405 0.14616129287217755 1.0127559944388156 122.80571775999852 995.1165922570095 283.1786835878665 12.732031678423706 8.458075809103502 26.822487102170175 99.82625605701196 602.1052829933238 143.57737954014192 382.2471047150302 932.0063785625725 2933972.406506554 13482458.236069756 110759145.70793726 3.3235051 -0.87810191 0.65366457 1117.9594 2.1310578 1.3828 0.087306405 -0.15809376 O6 0.0 0.00023079533693645075 0.029569559016953333 aborted 0.8157980442047119 0
1939 H1,K1,L1,V1 10.68146402814869 1939 0.0 174.5206223510806 0.6296165018977242 0.44991900372317495 118139416.24430394 0.5568071119781648 172.64732590348132 131.01959878019989 2277.8735440876217 677.1496668282058 14.653589855411624 12.98146079307135 12.027467503868849 77.36834058623651 749.3928846736503 343.4325941797879 915.1099929299871 2234.5673780994343 10173860.429575607 81728659.81278242 837608132.7489544 2.0331989 -0.5794582 2.1065088 2184.3047 10.430825 3.7021424 0.35120298 0.15258929 O6 0.0 0.0005490886508045304 0.0005490886508045304 aborted 0.2619490623474121 0
1954 H1,K1,L1,V1 14.38416102482953 1954 0.0 15.723641884502282 0.8244089327540236 0.7676881954222663 590709.4761623717 0.8101077289196089 1.9917093140376012 113.3168022140162 640.2363355902801 129.92751765285254 18.07903846132534 41.517820371991796 1.3327170438108804 4.840640684357587 21.76847634873509 65.48530305853001 174.44727809882465 427.07335895168603 37685.12130314164 168400.36273082698 939663.8368260526 0.26968108 1.0136092 2.9492356 734.80545 2.635023 1.6735 -0.25374104 0.079329044 O6 0.0 0.0 0.00012504111153864502 "aborted, no integer solution" 0.5648841857910156 0
