data/events.ecsv
# %ECSV 1.0
# ---
# datatype:
# - {name: coinc_event_id, datatype: int64}
# - {name: ifos, datatype: string}
# - {name: snr, datatype: float64}
# - {name: simulation_id, datatype: int64}
# - {name: far, datatype: float64}
# - {name: searched_area, datatype: float64}
# - {name: searched_prob, datatype: float64}
# - {name: searched_prob_dist, datatype: float64}
# - {name: searched_vol, datatype: float64}
# - {name: searched_prob_vol, datatype: float64}
# - {name: offset, datatype: float64}
# - {name: runtime, datatype: float64}
# - {name: distmean, datatype: float64}
# - {name: diststd, datatype: float64}
# - {name: log_bci, datatype: float64}
# - {name: log_bsn, datatype: float64}
# - {name: area(20), datatype: float64}
# - {name: area(50), datatype: float64}
# - {name: area(90), datatype: float64}
# - {name: dist(20), datatype: float64}
# - {name: dist(50), datatype: float64}
# - {name: dist(90), datatype: float64}
# - {name: vol(20), datatype: float64}
# - {name: vol(50), datatype: float64}
# - {name: vol(90), datatype: float64}
# - {name: longitude, datatype: float64}
# - {name: latitude, datatype: float64}
# - {name: inclination, datatype: float64}
# - {name: distance, datatype: float64}
# - {name: mass1, datatype: float64}
# - {name: mass2, datatype: float64}
# - {name: spin1z, datatype: float64}
# - {name: spin2z, datatype: float64}
# - {name: run, datatype: string}
# - {name: detection_probability_known_position, datatype: float64}
# - {name: objective_value, datatype: float64}
# - {name: best_bound, datatype: float64}
# - {name: solution_status, datatype: string}
# - {name: solution_time, unit: s, datatype: float64}
# - {name: num_fields, datatype: int64}
# meta: !!omap
# - effective_rate:
#     O5: !astropy.units.Quantity
#       unit: !astropy.units.Unit {unit: 1 / (yr Mpc3)}
#       value: 2.7123599515211423e-06
#     O6: !astropy.units.Quantity
#       unit: !astropy.units.Unit {unit: 1 / (yr Mpc3)}
#       value: 2.7123599515211423e-06
# - __serialized_columns__:
#     solution_time:
#       __class__: astropy.units.quantity.Quantity
#       unit: !astropy.units.Unit {unit: s}
#       value: !astropy.table.SerializedColumn {name: solution_time}
# schema: astropy-2.0
coinc_event_id ifos snr simulation_id far searched_area searched_prob searched_prob_dist searched_vol searched_prob_vol offset runtime distmean diststd log_bci log_bsn area(20) area(50) area(90) dist(20) dist(50) dist(90) vol(20) vol(50) vol(90) longitude latitude inclination distance mass1 mass2 spin1z spin2z run detection_probability_known_position objective_value best_bound solution_status solution_time num_fields
[from data line 193]
1277 H1,K1,L1,V1 10.98365689457072 1277 0.0 1728.5252623121503 0.8751212176081634 0.418715784853478 80569179.61675368 0.7543047772140151 91.08941550774699 145.56824529729784 715.1114693926738 231.6468071220339 11.521940024364739 13.069213195683702 78.87806193322928 463.670567899231 1922.7257725727907 122.58316698773444 322.1711817929222 756.8206226483927 3515162.4105756404 28395801.027407326 159202997.7308055 1.4209281 -0.055972593 0.8248052 653.06254 1.5473829 1.4143284 -0.081696712 -0.062852771 O5 0.0 0.0 0.07704537997661967 "aborted, no integer solution" 3.54160213470459 0
1304 H1,K1 13.24706992472666 1304 0.0 5780.215334568578 0.7962449034842964 0.0765197231489676 154306283.4639939 0.8835873684679733 154.25236761917122 135.0439008595422 449.5313315578925 134.2577263702764 1.2548456539693547 38.32592146566249 674.0649560629226 2290.167350285567 8456.157540032667 68.8030222757983 182.99491865369123 441.93453090606374 9264020.014990969 36513503.5984475 167494029.0334322 5.7553775 -0.63744079 1.3326428 261.28032 2.0071954 1.9888076 0.024446749 0.24123835 O5 0.0 0.0 0.08880803861601892 aborted 16.20673704147339 0
1305 H1,L1,V1 17.57113647283054 1305 0.0 4.199746716857511 0.16712036834771496 0.034907871224082884 229740.34259513975 0.4017545836845736 1.3438488212391762 148.72272927407175 487.17985498552247 110.91939641506563 11.377616001953331 78.50193235228802 5.215201676463561 19.828740623240204 114.35795685441204 55.77328465827867 148.61833506456242 364.4991019176638 78032.69677581113 353442.861771167 2713136.4544397295 1.2644251 -0.42840623 1.2632257 290.61797 2.7598846 1.7576103 -0.054009735 0.10288694 O5 0.5618665445100057 0.2231745479355757 0.26451419704095275 "time limit exceeded" 7202.7665548324585 4
1321 H1,K1,L1,V1 10.14539577771344 1321 0.0 37.40102306472096 0.34025414253008673 0.0916453803808423 1707164.1004052272 0.19341949998676086 2.8285582544215524 123.76549051422626 957.246390993105 296.9583129237032 12.87928398788046 8.095385854032209 16.805586731795362 87.61905549838394 898.4796448545583 147.88160657014305 394.6799841221988 975.1933194820549 1795417.8587119237 10869397.40208621 157776860.5284906 2.2001363 -1.2570928 1.2029955 575.82086 2.0309656 2.0245901 -0.051807128 0.0047408629 O5 0.0 0.0 0.04888671967732145 "aborted, no integer solution" 0.7880160808563232 0
1324 H1,K1,L1 15.81208060834587 1324 0.0 14.123738373317892 0.575694929590189 0.48507863324676537 12490.568995021013 0.3319560808837409 2.8466850533984425 126.80292809568346 237.90838450463252 49.86855309743265 12.070708210868126 57.04134119456149 3.781717596677486 11.623347980634643 34.298139166063415 23.073263455657667 61.58693871483982 153.76585749058944 6509.964156938201 22729.570416689567 95742.7618082608 5.9125699 -0.53279142 0.52352679 234.66073 1.4334469 1.3711566 -0.16765595 -0.064976833 O5 0.0 0.0 0.002306751719356145 "aborted, no integer solution" 0.9783627986907959 0
1343 H1,K1,L1 10.2118620170031 1343 0.0 334.8257085863894 0.48680921167653685 0.1282319945561206 10031660.133295871 0.3285309100598584 134.98478121637518 81.98123825155199 695.5783568979242 207.90829268841938 9.893329123164413 14.352342037361737 95.98412909727254 349.42975642173326 1222.1283248074797 107.23292637860959 284.57198985036086 682.9555813785822 4949329.81309908 19299779.695109576 80338080.33125964 1.1646301 -1.2801017 1.7850401 460.06744 1.711876 1.3270092 -0.095802175 -0.15615622 O5 0.0 0.0 0.05390239672916361 "aborted, no integer solution" 1.6966149806976318 0
1345 H1,K1,L1 14.45630105060293 1345 0.0 2.601482451074331 0.4444520043916428 0.18039271446758431 903.4818151056317 0.197927753599271 0.6987188825234337 67.99451010953635 176.04727804218587 45.184069743409296 8.87459610565103 39.590867532436555 0.9789953664932224 3.0755935798107528 10.636558728154492 23.048615558384967 61.31931565804783 148.82743125174412 915.4149826245081 3455.404811418753 16781.5731502993 4.9543328 -0.22651256 2.1294328 134.41221 1.8539518 1.1907742 -0.052694881 0.14641214 O5 0.0 0.0 0.055353393654450196 "aborted, no integer solution" 0.850255012512207 0
1352 H1,K1 10.52637602391975 1352 0.0 193.66700863247365 0.12171400103353998 0.12458923919191084 7092418.507261818 0.1534947954796186 6.297679313243428 109.29578820988536 623.9341320656537 195.22072536398022 2.239855705542194 18.576578455153342 377.83985743147736 2388.050888144485 10805.046789760383 97.41947855492515 260.24359727179865 641.4200256373924 11009982.9307564 95568356.9229701 554576207.2397362 4.8171439 -0.37674425 1.9002952 405.8787 2.381945 2.1940014 0.16659126 -0.0035063011 O5 0.0 0.0 0.004060714297789291 "aborted, no integer solution" 0.876629114151001 0
1353 H1,L1 13.54115753098749 1353 0.0 593.2756954586255 0.7211299889615866 0.42166551719535045 7673844.660635125 0.4770285024171288 135.34566668122721 46.86201540660113 537.7590292909256 144.8509249820405 8.47114093865239 44.026548681220966 88.46596428975745 301.4633651822645 1102.4449583356716 74.29916222418177 197.49193874749727 477.05845330848393 2269619.419336166 8284274.160782744 31912409.490639202 3.2328885 0.90208913 2.6319157 505.92232 1.692853 1.6668236 0.035658509 -0.075899005 O5 0.0 8.56063790185076e-06 0.09308913439732679 aborted 15.101781845092773 0
1359 H1,L1 27.33100387020938 1359 0.0 53.43940006617532 0.5463750827945235 0.3274997714916169 327722.6939492724 0.3610937084626759 3.1714472622868786 65.98247028235346 435.82239237612407 95.73726898631841 8.296525689489357 228.90074373223038 14.915744472879922 46.7623742032722 161.59880458727378 46.05307742216672 123.22169796047217 311.24172269874623 147003.4350233033 552999.2539676301 2584324.547436106 6.0834856 0.95313662 2.3782441 396.81919 16.262967 2.7547221 0.63940179 0.018551161 O5 0.0 0.00036650369893590363 0.09635504134112231 aborted 10.938740968704224 0
1363 H1,K1,V1 20.46435036862194 1363 0.0 23.080575243307692 0.26174194639602694 0.43451720823658224 62839.345164105536 0.16355766968348145 21.988343362336874 128.52905317395926 334.17728378711547 77.65063407654038 7.780942403420472 113.71982001344789 14.374764405147712 64.46453666758087 240.97376450763608 38.12423893794869 101.8782026385839 255.49536048375964 88214.77954814729 403631.82367234386 1894679.401819409 4.376446 -0.62188858 0.65351432 323.34277 2.1813995 2.0223556 0.038044547 0.041431832 O5 0.0 0.09664035881688751 0.09664035881688751 aborted 1274.099438905716 5
1371 H1,K1,L1 13.23923498618974 1371 0.0 11.159982688667334 0.1162351966445977 0.326944361097651 55459.71484507331 0.036144949449348915 4.684345519785539 107.9756776234135 499.08375039449163 131.860624078659 11.629036311143025 36.940177875147164 20.557553885479482 72.2085998187663 419.426302569911 67.07430393876041 178.54532248813615 434.53971583992245 401996.83819976443 1664864.5019613996 10730616.312473467 3.807421 0.46045812 0.60916471 438.87212 1.3846063 1.3476593 -0.28325066 0.11249002 O5 0.3424279400996392 0.11003351522370769 -1e+75 aborted 1369.904361963272 7
1375 H1,K1,L1,V1 11.38866068685166 1375 0.0 2.116265812436692 0.35657410360483893 0.23901304914470814 61708.889473998555 0.20147539087536148 0.7248397995862695 131.7157451203093 817.5561562728244 201.32646341301512 13.792485577115617 18.599962601578035 1.0058463446552988 3.601729804659794 23.053243152004065 101.54455562825444 270.4241243041032 661.0300292017203 61103.75132078751 267059.602335337 2348315.0129664373 1.9613126 -1.2768041 0.85105354 673.53202 3.8338595 2.1885197 0.0090521019 -0.046119421 O5 0.0 0.0 0.06165957443754995 "aborted, no integer solution" 0.8547461032867432 0
1381 H1,K1,L1,V1 10.33787015318326 1381 0.0 0.5745555129814748 0.0692249960566219 0.9364040617605834 609410.8152414514 0.6587041930036184 0.30645498623793105 121.30065866746008 629.319282941495 195.48966348316176 13.953875391586411 8.033975952461681 1.8810525220665073 7.098407359560716 37.619467377830006 95.05948862360879 253.3324159178806 623.94439802287 63485.103838510564 302850.4976658293 2254694.6536970753 2.8728297 -0.6669171 0.44799899 924.3422 2.2310428 1.4757211 -0.12591477 0.072582422 O5 0.0 0.0 0.010604996541138702 "aborted, no integer solution" 0.8954071998596191 0
1383 H1,K1,L1 10.08689741728794 1383 0.0 5.77014381082673 0.0534742845920558 0.34414279457349656 84004.76782348535 0.024810367152935307 2.22471592135968 139.55685323942453 731.0518763082245 204.89660580899536 8.346149191621638 12.688047609898348 25.730138302085344 108.78875717201919 499.646468380452 101.31013135338844 270.72701241173866 671.8560343566762 1063708.1159817574 6008310.243428816 40778875.1812464 2.1382814 0.20222551 0.55617585 640.96263 2.3717254 1.9007165 -0.35331219 -0.039015143 O5 0.23528990753872192 0.04711069103542239 0.09376820172470665 aborted 34.71504807472229 4
1388 H1,K1,L1 10.23512653905875 1388 0.0 763.5473937307526 0.7359697631508795 0.59570146327599 37760035.176872015 0.7190170765313334 61.69771356586533 122.85911300964653 664.3568631107685 234.14396469492578 9.446834415205712 13.501584425569716 50.803356775497754 328.7368618872709 1359.7180388302577 121.72994373726715 323.82406268225446 763.8574646878617 1213737.8077083458 15116192.325917536 86141856.53674711 2.3798796 0.51502864 1.1574044 699.2721 1.6261305 1.4057908 0.047130859 -0.17235901 O5 0.0 0.06567902325155939 -1e+75 aborted 188.86396408081055 4
1390 K1,L1 10.20500839811272 1390 0.0 621.2871208675366 0.12306540683148803 0.4916670022072983 6992619.808086342 0.08256448808934637 29.414502145939796 87.28546297643334 477.24609409829804 149.28051624863434 1.6729119378044235 15.714761190363278 1090.8443274072085 3544.5080517453093 11571.46586884635 77.27135488334153 205.02517955984416 490.6660992478735 20191487.86610009 74169512.3147332 278320394.8576659 5.4781417 -0.70068447 0.69998634 468.24055 1.5064078 1.2532373 -0.054836251 0.0016107502 O5 0.0 0.0 0.014702394409321886 "aborted, no integer solution" 0.8840389251708984 0
1393 K1,L1 14.40358337438856 1393 0.0 323.23296511190375 0.6153049676856783 0.2914409072247186 1721957.9057594265 0.5369659277532274 23.35797631925432 126.17150766868144 333.7359187180283 85.99128472833799 2.214421847856059 48.84852228609143 51.6808956902803 194.8237163734864 3771.073304319956 43.196208571621526 115.22039442223439 283.7438664558615 311035.8161461388 1441381.6328981458 27998298.548970312 2.3000277 -0.43915514 0.85398545 286.96316 1.4844327 1.3516623 0.0080952944 -0.04250115 O5 0.0 0.0005998473754549972 0.06838250032543028 aborted 24.383085012435913 0
1404 H1,K1,L1,V1 12.87968121506498 1404 0.0 8.586367409406172 0.33800928072330166 0.307240028476601 283685.9748157279 0.17011188503734193 1.6361144917060138 139.47882266528904 880.8058051607527 221.82325240830153 16.34039424416814 29.84920545208252 4.625459446648938 14.898789923410867 77.5433211059579 112.29966931881415 299.0936924285279 730.495062486895 346596.03795845294 1371580.1361631195 9431149.022509517 0.81900004 -0.25968092 0.76404537 768.47216 8.3613875 1.2958 0.18604045 0.0038151577 O5 0.2769631016726469 0.08843650045323129 0.10216166185515912 "memory limit exceeded" 5584.548812866211 3
1411 H1,K1,L1,V1 10.35897624779925 1411 0.0 0.36719096977988536 0.0028841132678238054 0.25517959137336743 40713.320756027366 0.0008396324186812882 0.42110792088231475 121.49797402299009 1944.9974023516374 570.3978163696955 13.82796694230332 11.469897700663044 37.12600795389854 165.87391911443524 976.2174143619012 286.14103663050605 763.0515091281402 1875.669991390565 19619299.055201814 108472612.06433141 838782784.4927311 5.6546198 0.049818418 0.69095355 1560.0658 11.517279 3.3268412 0.15231801 0.043399471 O5 0.0 0.0 0.004399617658740106 aborted 0.670896053314209 0
1412 H1,L1,V1 15.40186789650854 1412 0.0 8.025745482331667 0.42550990492652546 0.2502760781225629 502640.4091520342 0.28754704326144764 1.1918657588941906 141.9763015927747 985.6405394474107 254.47107657581412 13.06732345831253 54.58653912128631 2.906382213016236 10.594652492782082 96.34726654229631 124.75598442032526 333.6352114414585 845.5445747194163 300402.29235246085 1345201.1503688851 15501715.775641244 5.2167486 -0.27088557 0.81804988 829.26094 13.895648 2.0748193 -0.094077187 0.24759802 O5 0.0 0.0 0.0191138084001854 "aborted, no integer solution" 0.9496791362762451 0
1417 H1,K1,L1,V1 11.48773559572733 1417 0.0 280.5863567646186 0.7518681358361763 0.9276871903345585 54392855.40831174 0.8698674720099121 142.04601087118868 152.38998049870133 864.6860310567246 237.67909003855584 13.665693467349623 17.71512746672408 21.687691341135434 100.32480683989272 563.5022775021121 120.48789278452011 320.90644341371353 783.2351354351188 1799910.380808364 9934442.777705895 65854127.645486765 3.8945337 -0.73196253 0.18584075 1214.3149 2.1279297 1.9830527 0.048930817 -0.10157278 O5 0.0 0.0 0.03082361254271282 "aborted, no integer solution" 1.2744228839874268 0
1440 K1,L1,V1 31.78265752051285 1440 0.0 2.032664296995755 0.2561763793053065 0.20685168758927397 535.6222559748118 0.23142758874494215 2.2027798712788007 81.16441924870014 137.34888578647724 20.439078704203453 16.668712884276694 313.78379126953604 1.4838843264995292 5.028255316917741 19.798660235715648 9.979347772989257 26.665253550815223 66.76015295805776 442.67913598193286 1706.04302567958 8880.164797065845 3.3752218 0.38188434 0.75814954 121.39648 1.754105 1.4035017 0.12823941 0.061414567 O5 0.0 0.3320921394540811 0.3320921394540811 "integer optimal solution" 20.98348903656006 5
1446 H1,K1,L1,V1 11.78597302993909 1446 0.0 25.532886362909032 0.26206279357191936 0.7203988428604434 2454664.332184337 0.3200694768507435 7.28934218960228 122.42656405456364 829.4195882280546 222.3547848936061 13.177888658695203 19.369929647548915 18.534192693387624 61.72277442103529 335.54725244777245 113.18946256146057 301.190568418898 732.130064729689 1289766.4103406542 5151191.223412489 37876174.462440826 1.365202 -0.59823157 0.70947997 957.2614 2.0452555 1.7302409 0.0060171947 -0.012058608 O5 0.013310905168519469 0.027098306450188063 0.09592109494259651 aborted 45.797263860702515 2
1451 H1,K1,L1 11.54440674491862 1451 0.0 467.9062072052012 0.5708961399815049 0.06456575683334823 1377285.921667139 0.03401581462463716 47.86367406299259 151.54767784569412 940.4254878197295 278.5967145345482 11.073262739543864 23.056362135317784 108.5480487730339 374.8956158729698 1305.5647829562213 144.5491387323625 383.4742086035683 916.1514910790144 11655882.841567148 43397029.78437826 171469666.84247547 0.82030077 0.16715283 0.85012693 526.67466 2.7081795 2.6887268 -0.03976752 -0.09875772 O5 0.0 0.0 0.04191874724344136 "aborted, no integer solution" 1.1602201461791992 0
1457 H1,L1,V1 11.13045352773116 1457 0.0 5.937346841708852 0.36285186088044774 0.028059484049897367 250697.88291864842 0.3564325171857113 0.9894502281856792 115.61730061843991 685.6624426654266 192.32258194285734 11.626644582513446 17.956651405668254 2.721647595323514 10.191372583306896 69.95152729462467 93.59271524673602 250.12979422216063 626.987978847488 104536.78873579932 488058.34398683574 5608137.58044974 5.8080962 1.528154 1.7472364 339.02668 2.1945133 2.0877148 -0.20975578 -0.025815133 O5 0.0 0.0 0.09172278719942849 "aborted, no integer solution" 0.8965160846710205 0
1460 H1,K1,L1,V1 11.83150219116346 1460 0.0 21.939660444346462 0.5495753611113758 0.02712052254654954 403304.23833929386 0.5658106031445634 2.8907656688095136 85.02631818596274 485.69813767964206 108.95631457829354 16.246187775553455 22.530543541075083 5.518313918685437 18.65449482165541 96.54101182810955 54.384493012262794 144.98551998249008 356.94765978455973 74810.35428537251 310299.57079640735 2272547.747408292 1.1500795 0.16358535 1.1809745 282.9865 1.9406698 1.8835646 -0.13030589 -0.0028584122 O5 0.0 0.0 0.09656696308251271 "aborted, no integer solution" 1.8855559825897217 0
