data/events.ecsv
# %ECSV 1.0
# ---
# datatype:
# - {name: coinc_event_id, datatype: int64}
# - {name: ifos, datatype: string}
# - {name: snr, datatype: float64}
# - {name: simulation_id, datatype: int64}
# - {name: far, datatype: float64}
# - {name: searched_area, datatype: float64}
# - {name: searched_prob, datatype: float64}
# - {name: searched_prob_dist, datatype: float64}
# - {name: searched_vol, datatype: float64}
# - {name: searched_prob_vol, datatype: float64}
# - {name: offset, datatype: float64}
# - {name: runtime, datatype: float64}
# - {name: distmean, datatype: float64}
# - {name: diststd, datatype: float64}
# - {name: log_bci, datatype: float64}
# - {name: log_bsn, datatype: float64}
# - {name: area(20), datatype: float64}
# - {name: area(50), datatype: float64}
# - {name: area(90), datatype: float64}
# - {name: dist(20), datatype: float64}
# - {name: dist(50), datatype: float64}
# - {name: dist(90), datatype: float64}
# - {name: vol(20), datatype: float64}
# - {name: vol(50), datatype: float64}
# - {name: vol(90), datatype: float64}
# - {name: longitude, datatype: float64}
# - {name: latitude, datatype: float64}
# - {name: inclination, datatype: float64}
# - {name: distance, datatype: float64}
# - {name: mass1, datatype: float64}
# - {name: mass2, datatype: float64}
# - {name: spin1z, datatype: float64}
# - {name: spin2z, datatype: float64}
# - {name: run, datatype: string}
# - {name: detection_probability_known_position, datatype: float64}
# - {name: objective_value, datatype: float64}
# - {name: best_bound, datatype: float64}
# - {name: solution_status, datatype: string}
# - {name: solution_time, unit: s, datatype: float64}
# - {name: num_fields, datatype: int64}
# meta: !!omap
# - effective_rate:
#     O5: !astropy.units.Quantity
#       unit: !astropy.units.Unit {unit: 1 / (yr Mpc3)}
#       value: 2.7123599515211423e-06
#     O6: !astropy.units.Quantity
#       unit: !astropy.units.Unit {unit: 1 / (yr Mpc3)}
#       value: 2.7123599515211423e-06
# - __serialized_columns__:
#     solution_time:
#       __class__: astropy.units.quantity.Quantity
#       unit: !astropy.units.Unit {unit: s}
#       value: !astropy.table.SerializedColumn {name: solution_time}
# schema: astropy-2.0
coinc_event_id ifos snr simulation_id far searched_area searched_prob searched_prob_dist searched_vol searched_prob_vol offset runtime distmean diststd log_bci log_bsn area(20) area(50) area(90) dist(20) dist(50) dist(90) vol(20) vol(50) vol(90) longitude latitude inclination distance mass1 mass2 spin1z spin2z run detection_probability_known_position objective_value best_bound solution_status solution_time num_fields
[from data line 1918]
7167 H1,K1,L1 10.10156976866802 7167 0.0 4.484975416597158 0.02546331176164851 0.28624420866647926 186288.1402842897 0.006815104825983852 3.153161533976605 77.47198306024075 1187.2481179482916 347.92298175312493 10.779748110874028 13.83334591371067 45.88053678519826 176.5090564988898 1214.2897535201753 178.81587458716763 475.69092234611026 1145.2337695245824 9132430.870976381 39157817.416794166 300322884.1158452 5.3949229 -1.005436 0.96987954 981.73945 3.2135328 2.7416642 -0.180661 -0.081412421 O6 0.0 0.0 0.03543992593253265 aborted 0.8585779666900635 0
7169 H1,K1,L1,V1 12.62965682622934 7169 0.0 6.82581784894401 0.30703930437931315 0.18127150073262316 206879.49994314343 0.16703200985609737 1.874452284304493 81.46807403024286 833.3220373239968 207.00433637931891 18.38421980843069 28.406788940195966 4.028252131153044 13.265229374106177 57.02711880376312 104.97804498160087 279.45270153558465 680.9867061782459 259889.3557089993 1006923.4237319632 6119322.941054876 2.9087316 0.37028248 2.0734437 643.89989 2.6303454 2.364071 0.13501211 0.0095702037 O6 0.0 0.0 0.0011568790723751683 "aborted, no integer solution" 0.9079070091247559 0
7172 H1,L1 10.4056617524571 7172 0.0 36.83712264684488 0.12190029669797116 0.5605072549789929 713803.1299105784 0.055837714713736934 13.745143712109439 32.025055227801204 673.1211381675874 202.16943116197757 6.699621014752456 19.266529272959954 65.19703622951586 242.2744124587892 1195.7508904113233 103.61328857583214 275.4502907414891 666.1484976450854 3195439.108017102 12747540.816487063 68212455.91397826 2.9959081 0.21476512 2.6485894 699.73589 1.7935223 1.548613 -0.01902364 -0.12435279 O6 0.0 0.0 0.07072603111080296 aborted 4.18477201461792 0
7178 K1,L1,V1 11.16247058821602 7178 0.0 6.976628425817714 0.5826882867154931 0.4815791119066041 35819.41400260122 0.5009192858886479 2.09122969851507 106.18652320899128 399.0485056568727 147.75929250834915 6.1236745452218635 15.748047399655128 1.2653431232555858 4.926880352220801 206.7262674695213 50.73902428041703 144.86937986231027 497.22245130197433 7168.837525290851 35658.70718672797 7374610.466638669 1.3458627 -0.60968787 0.52796174 360.76242 1.5708916 1.3637371 -0.12568246 -0.24006752 O6 0.6839832372585232 0.5163462855611083 -1e+75 aborted 676.8375678062439 4
7180 H1,K1,L1,V1 11.35780367288383 7180 0.0 17.04815216835143 0.31702413517797046 0.5893323075383188 695088.5705463614 0.25785561584062916 2.535314282716934 126.44542897772044 736.8449698577972 192.26333001747324 13.710908524685312 18.546791516952798 8.027362048570174 49.363788933241054 266.7155861829954 96.95531790842062 258.32115499513543 633.5185811224871 442726.0798861245 2999696.5996045684 20769421.695182685 2.7937684 -0.39957191 0.68265933 779.19933 1.8329595 1.3621029 0.16965146 0.050459664 O6 0.0 0.0 0.09822027930383255 "aborted, no integer solution" 1.4738759994506836 0
7183 H1,K1,L1,V1 11.13218907008409 7183 0.0 6.517639713593045 0.5923975717383755 0.48253774501902674 56200.67564989206 0.40482869092152923 1.7245268433276513 97.40952559700236 464.9595035748045 110.81070333688562 18.222007855977356 15.258255534253312 1.5971175003953673 5.026313735462905 17.299411898105568 56.12350392557454 149.41087491621494 364.24847663635205 21419.70668773857 79254.99043500356 381943.56695853575 0.83754966 0.5530869 0.1852059 458.26417 2.4864291 1.3524663 -0.010458108 -0.031436804 O6 0.0 0.13200921701400986 0.13444071605667693 "memory limit exceeded" 7048.364200115204 2
7190 H1,K1,L1,V1 17.07016462085722 7190 0.0 0.7630687340738329 0.1867915107334095 0.7516206722883136 14423.200178002246 0.27053870487536874 0.5224356182013467 78.45200517121702 467.3457174733378 91.51925351328012 27.18328051560995 70.60663137080847 0.8242590078172065 2.6208263806312306 9.409900289832914 46.23012679296693 123.13508812208698 301.02054844719913 9742.215463347799 36559.98039763057 175192.11206772542 5.012726 -0.23967854 0.31073432 529.19411 2.685889 2.1734362 -0.12475694 -0.0025232944 O6 0.05454125299420848 0.10751167298504456 -1e+75 aborted 17.50235605239868 3
7198 L1,V1 15.23513188065588 7198 0.0 52.65256227378859 0.6322518805990616 0.3526821672930038 2342071.0031489898 0.4850147572894562 13.969384577255314 58.81504033971578 873.2135969592107 200.86634016337567 6.782588909357614 55.58421404528492 9.751874456397074 33.43349400959796 179.162686505732 94.25142933792858 253.5450883279574 679.6098411385001 606498.0664446458 2485012.1006040913 15507810.272838954 0.08664585 1.2192706 0.5846039 813.21462 12.935568 2.5431494 -0.25824814 -0.14663104 O6 0.0 0.0 0.012876377144591571 "aborted, no integer solution" 0.8980720043182373 0
7203 H1,K1,L1,V1 13.79847176751236 7203 0.0 3.6096183725682414 0.6235705965913444 0.03526655969822312 30351.922806409533 0.5937493927222578 0.9907099558018524 82.46368960849941 374.20638104052824 86.23117274054994 15.715391209007265 33.00133515941163 0.7866763989975807 2.5170249057355853 9.353496138221063 43.70453442275374 116.35792002225378 283.71033503441924 5716.094914757964 21806.549936426123 112384.42934652878 4.6974295 0.57795604 1.8573421 219.93114 2.4526105 1.3896037 0.15647961 -0.096561577 O6 0.9242218283227139 0.6747928102080557 0.6882432989458143 "time limit exceeded" 7201.944984197617 3
7206 H1,K1,L1,V1 20.11230726261628 7206 0.0 5.084939233291162 0.4769815447238773 0.5947328231233615 8324.187011027765 0.3598999601178805 2.2900790896798955 86.78453869000077 272.49994227041543 44.430813422957364 25.669044551601637 106.74627496762216 1.6738920637016474 5.46186496871511 21.12968759690607 22.154432922630804 59.0723018908368 145.53609785776732 3686.030590303099 14371.800921440354 76067.99073043092 3.6426857 0.3273376 0.63153193 283.01412 1.9152764 1.7738937 0.088756952 0.0013645655 O6 0.7162708977389228 0.707609280576668 -1e+75 aborted 4606.945410966873 5
7209 K1,L1 15.33158425180241 7209 0.0 587.9251984703582 0.6955803028908488 0.597543397778169 14782746.396784429 0.7155335099664815 63.25412098995348 121.93824787158519 477.3642417849995 126.92508113038637 2.5313509938701806 57.56527657034518 41.27908183571754 167.79287507356062 3545.1458288525023 64.61389801748157 171.94138786827648 417.99531496917183 678649.4336118656 3584854.4133008253 64628357.60603394 2.2959064 0.58002919 2.7845711 507.36755 3.0944817 2.1542731 0.13846333 0.021655081 O6 0.0 0.0010883185247746363 0.0857236873267764 aborted 8.156016111373901 0
7210 H1,L1,V1 10.13431203591283 7210 0.0 4.373506729342641 0.1108996047172978 0.36243170840956107 449335.3360889059 0.03063603646840729 1.6853209691103457 78.48576632500044 1779.9047520872896 559.1582560873511 7.695503868216623 7.734621276401467 8.642911191865858 29.132250137244977 335.65319200020093 281.4571045588707 751.3818521074206 1856.434156926061 4111331.513729742 17231810.52878956 182300973.6353381 2.6317657 -0.92676789 0.52685613 1588.3835 12.582543 3.0009143 0.45806315 -0.062954166 O6 0.0 0.0012381160899069214 0.001240053159374902 aborted 0.5402390956878662 0
7215 H1,V1 19.44531126869125 7215 0.0 17.454685027751292 0.05437582870079697 0.6419448724888855 68868.25617750284 0.08158475035772696 4.343989730334442 71.6637316243723 246.16023302624131 65.59503593186791 -0.11361674025791402 103.93691949431117 77.75923292564633 260.40990696215863 1115.518543064735 33.160856655610075 88.75968745900099 217.2259498707557 208598.86362233767 820482.6235862053 4000475.221377018 4.8974562 -0.53160421 0.51626505 270.87045 1.5081859 1.3618827 -0.19102553 -0.025803284 O6 0.0 0.07453755825372237 0.15614705266365725 "memory limit exceeded" 1405.899859905243 7
7226 H1,K1 21.64616598431175 7226 0.0 74.85450198227004 0.25997565581843163 0.6526917017666901 194419.09421471215 0.20249889415540626 1.7592272243480043 91.29765830654651 276.695985776457 64.62041805628724 4.0712245748629385 134.76152881305507 52.86425531020164 223.16740323392716 762.2610960693668 32.97447645572561 87.66332765182665 212.3998578594036 191068.54006195941 848735.4121886978 3320159.35386755 6.1238151 -0.52633463 2.5355937 301.80316 2.1190441 1.8890751 -0.076546466 0.26690799 O6 0.7079230021583577 0.0942907992119117 0.23837998466125868 "memory limit exceeded" 1023.2598419189453 5
7232 H1,K1,V1 29.88375996087336 7232 0.0 0.10245283755019151 0.16564216590253247 0.42083970938655846 19.0490940995589 0.055356689126352214 0.18138091463453207 66.87371571268886 180.7096346582772 27.343738615351555 23.737624934178427 273.87595706091327 0.12632419938338296 0.39503544669028523 1.33765596788409 13.793276447216527 36.74130509722187 89.86201286799547 83.24285219714493 306.41767303494106 1390.1905703477676 5.9422985 -0.68250335 2.4445564 175.28523 2.3108972 1.4094021 0.0054263125 0.11064705 O6 0.9577151193129485 0.9487808091272043 0.9487808091272043 "integer optimal solution" 5.551986217498779 2
7236 H1,K1,L1,V1 12.54351443001493 7236 0.0 0.36391247897828016 0.014050830060446242 0.6666237080599544 50509.68738590018 0.044127805704814234 0.24674927883510106 83.40910617168993 743.4631021973157 175.73293264635274 14.721889247767912 27.371771127608326 6.652940735862491 21.401412316035096 89.91699660907535 88.13532617760313 234.9535409425929 577.8245360666567 304877.00750108156 1179112.8323047843 6570843.154095546 1.3214947 0.39200267 2.4942018 818.63304 2.0940495 2.0423386 -0.064919164 0.0067793192 O6 0.0 0.0 0.0009047943981358019 "aborted, no integer solution" 0.6068251132965088 0
7244 K1,L1,V1 12.80372820877595 7244 0.0 19.015246649315365 0.2856715311067914 0.7296283785541654 574937.1599906083 0.31655128996496595 6.762886487207358 83.54506043717265 568.960072543143 148.40650637575692 5.043301402565035 28.017941952531597 12.095446685076256 46.43944747143913 238.45999537960893 73.77647788664922 196.8178370479261 486.544736978004 287291.85156189994 1381241.3904503498 10053498.700768504 2.4768046 -0.84350829 0.08038919 656.29649 2.8288852 2.7603714 0.07080783 0.060595304 O6 0.0 0.0 0.022203275476347713 "aborted, no integer solution" 0.7217118740081787 0
7253 H1,K1,L1,V1 13.18147188267858 7253 0.0 71.19570624767015 0.7743133576487299 0.2692320679719907 1278279.4344540436 0.650035971956291 10.172079984715689 81.11237014178187 536.2127077652102 133.0716144608969 16.47149271420746 33.56661789779739 6.792768695604992 27.93337215052813 115.70133049802044 67.75542503305354 180.28622627426398 438.1080651198273 155062.57195641412 723932.9707416049 3580637.4871308557 3.8544304 0.72047662 2.3020331 452.77505 1.5059136 1.4933555 0.0085263634 0.036744586 O6 0.0 0.18282152432478255 0.2369969166306979 "time limit exceeded" 7201.505039930344 4
7254 H1,K1,L1 10.60185207985324 7254 0.0 22.621586531082706 0.14246214307216365 0.17241853567048682 203530.4509391583 0.05735886417718604 3.4819400744341515 78.96355121582747 750.5977432354154 241.99391970019863 10.490772054414492 16.1302500287273 38.941368955120055 242.93758794492058 1094.812380025191 122.97640405802554 328.30173639591 791.7011774320699 1453817.08510974 14775658.560322238 101031239.85757758 0.003251165 -0.27723877 0.64750457 522.41909 2.5162999 1.6507953 0.078196919 -0.19227022 O6 0.0 7.750439168350621e-05 0.09618549955928961 aborted 3.3514811992645264 0
7264 H1,L1 12.41278309860346 7264 0.0 146.089550119563 0.29913366365513094 0.2779378192680635 4659048.515956361 0.12212051222062692 145.3916870428665 33.265021798200905 889.4183697001108 246.47445955431485 8.294060915677747 34.16409596181409 89.72540802730784 299.97410563987677 1193.0007752616373 126.3990890835554 336.0075351732261 811.8179466289976 8429049.700021718 30889552.957765378 132476500.93215649 3.5450108 0.72142034 2.1243367 739.03112 3.0451931 2.926075 -0.71090717 0.20280611 O6 0.0 0.0 0.050996301793866015 "aborted, no integer solution" 0.8478500843048096 0
7271 H1,V1 10.08782966212191 7271 0.0 8359.364706302731 0.9695776371935036 0.3066783043297755 291209024.4886686 0.9443755958137638 139.4132086793518 102.9306876398623 575.0816440140717 180.57882028496144 0.7949105509467493 12.020024739845109 349.2251391377734 1152.8904028625338 4540.155822463192 91.42961079093823 243.95302797130995 597.6831695433684 10372773.111147983 39808859.97101808 206476723.646037 1.6591274 0.84249889 2.3073953 482.14388 1.4641724 1.3877456 0.12157027 0.25706844 O6 0.0 0.0 0.021902850159250604 "aborted, no integer solution" 0.8506481647491455 0
7275 L1,V1 22.02875293913736 7275 0.0 2.812945107778077 0.06935903776558858 0.8444963623195314 96092.52480867741 0.14683394546098194 3.693471771759591 68.96776151563972 491.8832280149053 108.46082573350085 6.5798614722061615 140.1828362945447 9.281922281357986 37.02566108002336 168.01554433553244 55.90996492058008 148.16596381003598 355.16830826586477 144001.57988172566 601717.5161018576 3289044.6802665815 2.5493787 0.65612952 2.8382356 602.40566 6.1560732 2.6680022 -0.25645708 0.2232882 O6 0.2026837786862945 0.12554671808866533 0.12554671808866533 "integer optimal solution" 864.3622479438782 4
7278 H1,K1,L1,V1 10.53673126103264 7278 0.0 88.7028471282502 0.5871270774305758 0.2295549150403904 5373388.31152749 0.5828774057907967 20.472499334230555 75.93364359810948 690.9467388591002 300.15031165739015 5.028949632372488 4.783291256433184 10.170039253332781 52.3680274252786 754.8723751250369 152.46478045951937 416.41703687658475 2030.9896358541494 579283.2197221834 3359988.07025515 81217240.61832516 5.8611064 -0.22038395 2.0887532 484.23492 1.9770485 1.7503944 -0.036557989 -0.069597591 O6 0.0 0.0 0.0008344594162780314 "aborted, no integer solution" 0.9847609996795654 0
7280 H1,L1,V1 15.91594558080768 7280 0.0 3.458807795694504 0.18710262598615082 0.7990416691695889 62939.018236932614 0.3059528298398782 1.8698887408249008 115.66907626856118 430.6637994566503 85.61834686225076 15.92065979071105 60.97344944115225 3.731747440836084 12.10636065078038 45.28757572493786 42.775910003767535 114.03786948655483 280.67921902691205 35669.29684993894 136200.4827361256 661470.0045762231 5.986284 -0.11811026 0.21111501 501.57093 1.8579556 1.6961623 0.00013098226 -0.01270386 O6 0.4049950600161426 0.29067931022627785 -1e+75 aborted 41.45590019226074 6
7282 K1,L1 14.46202005630192 7282 0.0 602.6128372615594 0.49939823952015194 0.961137458205057 39481549.46567198 0.7768834058025599 2.2898659709150326 114.76506160199642 432.1371273030725 114.43985025084497 1.942742194537722 49.24832906899671 99.70699740385459 604.619549847866 5219.629256983003 57.89838484447375 154.39365146067877 377.9149448552767 1385163.8818151455 9834282.042713078 80343839.76034619 0.42295865 -0.36607917 2.861524 634.37074 2.0204949 1.8911089 -0.11220689 -0.1295846 O6 0.0 0.029573262622662223 0.029573262622662223 aborted 415.27222299575806 7
7298 H1,K1,L1,V1 12.70236409966042 7298 0.0 4.842330913972375 0.3444382050743786 0.5903841973769287 114932.0068169289 0.2671954791600183 0.9714476978821344 79.89452783111483 620.3267737827298 158.57086442366432 15.042992614823259 25.376524147692407 2.4117567740749988 8.84841212833695 83.2777592408692 80.73733949686948 214.83434809020633 522.0698524213237 76345.472422939 346911.7957372174 3993353.7896527974 6.1015459 0.96890125 2.6458485 654.57382 1.8336951 1.5268649 0.083993113 0.21700256 O6 0.0 0.0 0.0021366615715266908 "aborted, no integer solution" 0.6485409736633301 0
7311 K1,L1,V1 13.90083308957561 7311 0.0 107.1148514700659 0.7781053534343768 0.01842906595506414 2241716.1213610824 0.84118055930698 5.641126162266395 109.50826051502372 401.31056822061885 93.99852061468829 10.32903894335773 41.24102303696084 9.40598041356485 38.70030237662099 251.31079427175942 47.2408151821744 125.89020946221171 309.16879410072784 89820.43228989122 428705.948116638 3621943.494706754 4.3918173 -0.18938468 1.8170177 205.31633 1.8244613 1.6242104 0.05937495 0.125738 O6 0.0 0.0 0.00039038425496264645 "aborted, no integer solution" 1.0044801235198975 0
