data/events.ecsv
# %ECSV 1.0
# ---
# datatype:
# - {name: coinc_event_id, datatype: int64}
# - {name: ifos, datatype: string}
# - {name: snr, datatype: float64}
# - {name: simulation_id, datatype: int64}
# - {name: far, datatype: float64}
# - {name: searched_area, datatype: float64}
# - {name: searched_prob, datatype: float64}
# - {name: searched_prob_dist, datatype: float64}
# - {name: searched_vol, datatype: float64}
# - {name: searched_prob_vol, datatype: float64}
# - {name: offset, datatype: float64}
# - {name: runtime, datatype: float64}
# - {name: distmean, datatype: float64}
# - {name: diststd, datatype: float64}
# - {name: log_bci, datatype: float64}
# - {name: log_bsn, datatype: float64}
# - {name: area(20), datatype: float64}
# - {name: area(50), datatype: float64}
# - {name: area(90), datatype: float64}
# - {name: dist(20), datatype: float64}
# - {name: dist(50), datatype: float64}
# - {name: dist(90), datatype: float64}
# - {name: vol(20), datatype: float64}
# - {name: vol(50), datatype: float64}
# - {name: vol(90), datatype: float64}
# - {name: longitude, datatype: float64}
# - {name: latitude, datatype: float64}
# - {name: inclination, datatype: float64}
# - {name: distance, datatype: float64}
# - {name: mass1, datatype: float64}
# - {name: mass2, datatype: float64}
# - {name: spin1z, datatype: float64}
# - {name: spin2z, datatype: float64}
# - {name: run, datatype: string}
# - {name: detection_probability_known_position, datatype: float64}
# - {name: objective_value, datatype: float64}
# - {name: best_bound, datatype: float64}
# - {name: solution_status, datatype: string}
# - {name: solution_time, unit: s, datatype: float64}
# - {name: num_fields, datatype: int64}
# meta: !!omap
# - effective_rate:
#     O5: !astropy.units.Quantity
#       unit: !astropy.units.Unit {unit: 1 / (yr Mpc3)}
#       value: 2.7123599515211423e-06
#     O6: !astropy.units.Quantity
#       unit: !astropy.units.Unit {unit: 1 / (yr Mpc3)}
#       value: 2.7123599515211423e-06
# - __serialized_columns__:
#     solution_time:
#       __class__: astropy.units.quantity.Quantity
#       unit: !astropy.units.Unit {unit: s}
#       value: !astropy.table.SerializedColumn {name: solution_time}
# schema: astropy-2.0
coinc_event_id ifos snr simulation_id far searched_area searched_prob searched_prob_dist searched_vol searched_prob_vol offset runtime distmean diststd log_bci log_bsn area(20) area(50) area(90) dist(20) dist(50) dist(90) vol(20) vol(50) vol(90) longitude latitude inclination distance mass1 mass2 spin1z spin2z run detection_probability_known_position objective_value best_bound solution_status solution_time num_fields
[from data line 659]
4704 H1,K1,L1,V1 21.9792690661182 4704 0.0 0.6171758934023558 0.3877094108982564 0.6825441204646765 2678.8649169879304 0.31732462219165886 0.46279139886314896 86.9053851608187 351.1248201002295 65.79217604989812 26.844092898936683 135.57509912117607 0.27610053676368784 0.8833016122545301 3.257242683893231 33.1869780463702 88.40157017575444 216.29377117612214 1448.226369198545 5472.09904339614 26836.34162068988 1.5277048 1.3900167 0.45650264 382.11304 2.0478215 1.8143796 0.059942609 -0.22546377 O5 0.5623533812145679 0.6344788564232514 0.6381578950898444 "memory limit exceeded" 6363.0272579193115 1
4720 H1,V1 14.84038280194808 4720 0.0 78.34281619517073 0.591719852763271 0.0938798202902728 474774.1766498452 0.5587106188586216 4.596548281838231 65.30775320716202 345.686650802577 99.88350624203292 5.12880892425499 50.65762596267406 20.13566586174124 60.74574477844426 251.0386115248796 48.708577076162896 130.26021765628371 327.85711560820357 95804.34653595192 381095.62133700616 2467315.345636867 1.9979092 0.039906209 0.9289787 222.91162 2.4380506 1.6435567 0.066883157 0.011380889 O5 0.0 0.00021474994381023822 0.028589917512263464 aborted 3.0158541202545166 0
4731 H1,L1,V1 12.29580538682467 4731 0.0 36.496159603477906 0.1830974392226897 0.30698986662544525 735227.9836867339 0.07262314715849244 52.29335427540704 73.84381464496255 854.5675015755537 227.27300628040328 10.824098332351337 27.779350828679082 40.961036455034005 175.6514322050647 740.5651673224055 114.65020783557941 305.48444783877346 748.0069787194553 2862598.2309261635 15159707.009997007 82858323.32576832 4.1753556 0.11572929 0.68633859 735.89842 2.6627012 2.4065973 -0.19706162 -0.057235309 O5 0.0 0.0 0.06928862178844021 "aborted, no integer solution" 1.0104079246520996 0
4742 H1,V1 18.96359574060851 4742 0.0 2.9080213410246576 0.05545281890218675 0.5764002107600907 12175.852600934013 0.07711237062164329 5.020331810413023 66.06416793446988 253.36662817747018 71.62644323086113 7.672685556040705 97.56904927116025 12.134951525451843 42.14292498017923 170.35444694320975 38.90128147953999 101.63134433591983 233.8192430965641 35830.35725641443 123536.18428780997 564982.5742426646 5.2576699 1.4085946 0.73698094 265.50525 2.7178884 1.4088274 0.90871235 0.25689419 O5 0.0 0.21617617150434312 0.3836546827417567 "time limit exceeded" 7202.095973968506 13
4744 H1,K1,L1,V1 11.43115235845297 4744 0.0 0.9769902588786235 0.013768035070326855 0.1039539390316737 407792.6640443506 0.029237439633259314 152.32999700475554 82.49208738934249 1337.5202521043823 376.5086890876226 14.42869660661071 18.391540868580783 26.151481988448047 141.09645543881192 721.4700960668218 190.30115283489863 507.03534381805343 1240.3568097438776 5996042.635608708 39014150.17126771 246382698.46307418 1.5787704 -1.1931067 1.0686541 866.55447 7.1706683 2.0639228 0.44464911 -0.073531448 O5 0.0 0.0001876139450110048 0.022484935505050194 aborted 0.7970309257507324 0
4747 H1,K1,L1,V1 12.72215304800092 4747 0.0 15.95969322221901 0.2113323607996199 0.7066603921473237 1131682.1097720983 0.24664578186872313 4.092752420509086 84.01028609182686 800.7882323178824 198.55023734464774 13.963229858235973 26.900791789467586 15.011665287105679 46.176558400724176 192.29777974637256 100.25649716905025 267.0661321334503 653.249351374275 869716.9498949915 3181676.9164060736 18262262.71711082 1.7934582 -0.087751624 2.7696372 907.56669 3.0397909 2.1681208 -0.53907925 -0.039450701 O5 0.0 0.0013784728684244486 0.0013784728684244486 aborted 0.3859579563140869 0
4749 H1,K1,L1,V1 10.57270901874818 4749 0.0 6.874995210968093 0.19039894931078805 0.27430976100323984 142359.3965012846 0.1135145527308913 2.0645843493106533 79.42024944256991 911.6876864613332 313.2912223941466 11.344669377289243 10.654586243074007 7.396868787031565 76.26398419333665 769.1894331550551 169.99442814329302 442.68648484300434 1018.4988816069326 422691.7164833257 8889357.329515155 132446723.1316208 3.8097844 -1.1136727 2.7361947 701.44846 2.2029083 1.6483023 -0.01845069 0.1524398 O5 0.0 0.0010974197462444214 0.0010974197462444214 aborted 0.28505897521972656 0
4753 K1,L1,V1 16.5675083197608 4753 0.0 3.8555051826887086 0.6215042809856427 0.8530163711198315 17818.47399840057 0.6768634628588629 2.7939374781237554 81.08318142499775 290.08001986932504 53.595974363793665 15.784729182680678 64.00963645378896 0.8308027770624941 2.696922316343566 9.757373792392336 27.009466414165786 71.9500253907591 176.14631226930786 2508.6595607848467 9615.085099721831 47233.210872655 2.4623531 0.31609676 2.9185268 346.11923 2.2759068 2.1866195 -0.041168463 0.063788904 O5 0.610094712133341 0.6980230881083831 0.7195045097941545 "time limit exceeded" 7201.8511509895325 4
4754 H1,K1,L1,V1 12.45298742009137 4754 0.0 7.2913635427719825 0.08168606581092935 0.07604559561993537 634490.2365580102 0.13804426631685976 1.7860766295580233 83.17093764524907 678.9612362826933 180.36218565934777 13.918493395847687 26.384600438632837 26.029068944910737 163.9732285151384 779.6630530887492 91.01358076140161 242.54309647670527 594.1885836584197 1170636.5632126147 8153902.456273381 48163336.66356451 0.96416852 -0.99679862 0.99784352 422.83221 1.6812612 1.6421054 0.0056463301 -0.083739496 O5 0.37496699330026406 0.036336282335273 0.09278918992460473 aborted 93.16164708137512 5
4770 H1,L1 15.67347308048964 4770 0.0 25.06078368747774 0.11817174064093351 0.6714844247670795 145492.05387653774 0.18556187003424124 4.374342700182271 31.775458723306656 291.60515121833305 90.73037698845782 6.463663152767822 61.182628799349665 45.91070024826036 174.13153413323053 745.5171480153574 47.873007269617574 125.7969348743282 295.6264480179593 161000.29201304907 711157.327706436 4431984.288805768 3.7995438 -1.289152 2.9221845 327.83329 1.6117351 1.3461278 -0.11866895 0.060462374 O5 0.0 0.06639451058356101 0.1039746411558148 "time limit exceeded" 7202.602424860001 9
4777 H1,K1,L1 10.78050561182932 4777 0.0 126.83825213253598 0.30721111657844974 0.8562109278157367 26025351.262080286 0.462401006708926 35.417108657218556 81.41545487195253 968.2953307992465 279.7634218032894 11.035349172654051 18.426737652589665 72.01920519319124 250.99890334541124 1037.231455669296 142.88837499878207 379.97855815838375 918.979680677252 6205444.173282769 30350712.36605204 162074474.64293244 5.3342278 -0.52278365 2.6155142 1270.4156 2.651438 2.6331251 -0.061784728 0.34875633 O5 0.0 0.0 0.07628975537453715 "aborted, no integer solution" 0.9811980724334717 0
4786 H1,K1,L1,V1 10.53092810868349 4786 0.0 10.707550958044955 0.45657628106253195 0.6427041895034962 1694517.7612612233 0.3974831194428252 1.052010256203092 80.23043615650386 1240.4547343371642 348.83021741367696 13.99566153411743 10.002933264510622 3.3361032483881106 12.617642215545755 121.66139291406992 169.72442072593094 453.2946029280632 1133.1175896975005 576623.7164357582 2687125.8049974954 38342374.73465753 5.7554349 -0.56452352 2.65065 1349.3898 7.9748676 2.1105368 0.068123926 -0.062868837 O5 0.0 0.00022715949403394507 0.09484052780736708 aborted 1.3548190593719482 0
4800 H1,K1,L1 11.20999387046982 4800 0.0 0.14753208607227533 0.004215780288186321 0.2867247410396741 975.5926130587685 0.0008285278620312568 0.42381010816721565 74.8973236521706 703.9201733042961 180.5253078252007 11.638472257446363 19.47600899239766 9.881344392279043 35.74369265584435 128.83747898701623 91.55479452963834 243.73067967100042 593.8872057127384 447408.49351661303 1811317.01657752 8885458.689112728 0.10990379 1.1416069 0.73732549 600.31369 2.8455479 2.5580057 -0.034622119 0.085058746 O5 0.0 0.0008002008385619155 0.0008002008385619155 aborted 0.36997294425964355 0
4802 H1,K1,L1,V1 12.68644753924753 4802 0.0 1.1376363081573373 0.09134888879235074 0.15942122155390226 13790.167128142006 0.07191027455533014 0.6858385865293533 80.38567835558206 528.5827365044408 114.14236375769812 18.655668321268006 26.722625026826943 2.748338214798234 9.58598730776228 40.063441501541725 57.043378750508225 152.01047180685265 373.2084353688898 47805.93935542732 199510.31303150504 1125625.182506513 4.3438604 -0.24506585 0.73450455 415.85561 2.2748707 2.236584 -0.18885925 0.15386919 O5 0.0 0.0 0.005358240415632492 "aborted, no integer solution" 0.768502950668335 0
4806 H1,L1,V1 11.82821215977687 4806 0.0 0.036063398817667305 0.0022369452272034316 0.6421241428866543 16438.639643839975 0.06262789060052389 0.11872434612011454 73.059210636653 508.72905924243923 126.9775435892938 10.199620362625126 24.550706694628186 4.255165020457303 19.900464099784706 238.87348009482756 63.03434955709389 168.23154032210647 416.785883806943 74930.33568923356 452503.0594682899 6841280.133515861 1.6945796 -0.59729059 2.8093375 552.52588 1.3916603 1.2725251 0.010722082 -0.015229793 O5 0.1612596511614875 0.16458083245495758 0.2072598321443148 "memory limit exceeded" 1574.6757998466492 3
4807 H1,K1,V1 10.1009510757482 4807 0.0 8356.846825366687 0.908139621550765 0.7892398976106774 336496307.1012612 0.9261996993106419 147.68230096873145 75.97253183834255 537.9269216845705 165.66419151132084 4.17250404720439 13.058354984658807 430.6558349297531 1962.1995574730831 8069.635351197362 83.96167959547495 223.633754491601 546.0893427773922 11074167.376997156 58125590.73200516 288740050.1327077 5.7079506 0.49237952 0.44906622 669.52857 1.4251023 1.3662601 -0.38094482 0.35069272 O5 0.0 0.0 0.016735357962175127 "aborted, no integer solution" 0.9845669269561768 0
4818 H1,K1,L1,V1 11.93082026337489 4818 0.0 30.948953167159868 0.4640066840100773 0.6938604423695692 2089782.885154263 0.43696654100172494 1.827829178846462 78.80154369398952 820.3020828978629 218.46495597345796 13.931024021253947 20.068056194761795 6.692861814070718 38.33782408720571 504.2296992381154 108.74964605414402 290.26209308204125 718.1380151640917 441532.7253363664 3210487.5656618704 51326572.58430143 2.0730858 -0.82010607 0.71610218 924.88987 2.2164088 1.9717837 -0.14751938 0.079435717 O5 0.0 0.0 0.07003155911327995 "aborted, no integer solution" 0.9091110229492188 0
4819 H1,K1 12.67296283283679 4819 0.0 3587.1410396319766 0.7350961282977441 0.5060806752484049 67918235.05336188 0.655707694244266 160.72327373294402 66.47904871869832 528.0627406264291 154.21242990209348 1.7292218775906498 33.27332966698254 238.63503678484295 1416.3428814479923 7478.650938127546 78.91689839807759 209.86738601857064 507.6427680314204 6527472.1869839225 35091748.11337239 217095970.1011193 4.7401349 1.2082097 2.1947621 525.25969 2.6604551 2.0385701 -0.016665272 -0.097343743 O5 0.0 0.0 0.05215170158211344 aborted 4.92038106918335 0
4837 H1,K1,L1,V1 10.90160873171983 4837 0.0 469.0602359673767 0.6117578698243122 0.38498988267863454 190227521.116289 0.3243142905297905 40.38065247080888 79.17412655428052 2423.827348218547 740.6654540989871 14.138599702141105 11.256961374828206 109.89258686829209 345.3911222336497 1322.5939927078277 378.4300254714435 1006.2863789015537 2437.0441083408036 102281377.45700912 360751567.51446706 1828377419.2201185 5.1956498 -0.12625414 0.58467589 2180.1227 16.356768 3.5804714 0.11016315 -0.24358228 O5 0.0 0.0 0.00038035902995788674 aborted 0.5651819705963135 0
4838 H1,K1,L1,V1 19.64292183591358 4838 0.0 10.497727546742139 0.9198142971844233 0.18418034093630525 133142.07442838798 0.8700911006143931 3.218448317266531 77.3386069694534 443.8761228934849 107.68205143758115 24.84313117830785 101.00425395582667 0.7631615363394901 2.6194950131323376 9.508851491873054 55.441137166138446 148.30446119580455 353.31789365414687 9872.64132160266 37243.572800065005 154914.6273348613 2.092037 -0.49706149 1.1187953 343.27247 7.4496694 2.8010326 -0.10840036 0.054464113 O5 0.0 0.0 0.00033325406483222895 "aborted, no integer solution" 0.9192609786987305 0
4850 H1,V1 12.8322435062201 4850 0.0 83.50971769851333 0.17367260052771272 0.18714235991857253 172933.00891021162 0.05262604950150776 19.63866942800389 137.00876827072352 429.9023022801955 121.26877353349974 1.8194673979584124 34.82729388569616 107.44333312835745 894.8736819794344 5217.159258487639 61.55418156467579 164.01407623220018 400.970120409666 1369547.7062850818 14039413.607390907 95742320.77545117 5.5642605 -0.70477258 2.4179599 321.40501 1.6759072 1.6659736 -0.02312781 -0.084973879 O5 0.0 0.03977332300311941 0.09691007202192865 aborted 128.04427909851074 5
4883 H1,K1,L1,V1 15.19277661611831 4883 0.0 0.47292229813168174 0.07769106375034464 0.36073615031417033 414.3963107949838 0.02156500851978415 0.3412540700169812 79.67184718325734 312.65532285026677 59.19434238783608 28.87288511209764 51.56609261424403 1.3099800499518615 4.121071133796515 14.272561904842007 29.82553823290567 79.45763543069819 194.540843990121 4936.695689831226 18270.476249249037 84343.13838231664 1.563286 0.12178092 0.47909561 290.92499 2.0706579 1.6759999 0.016485024 0.056393133 O5 0.0 0.0 6.153442129500093e-14 "aborted, no integer solution" 0.8092708587646484 0
4885 H1,K1,L1 12.67117540848871 4885 0.0 16.418681934443722 0.11577102669417376 0.5038459120298086 414400.8696735585 0.10958353693863662 68.98263344264902 86.74651312921196 650.3277824676416 180.53012194211433 11.286171242750207 31.095021326885913 32.262393568432884 128.46136973771686 636.5256488160815 90.70480161076728 241.86815130518437 593.9084658697468 999017.39205093 5317396.092754778 35911648.08787326 3.4771915 -0.029376791 0.74658753 644.95765 2.9047751 1.784217 0.41666491 -0.18206352 O5 0.0 0.03474075309715475 0.03474075309715475 aborted 118.66498517990112 4
4896 H1,K1,L1 21.6326121298136 4896 0.0 6.0914359093843045 0.18252292643019702 0.4957844157120917 11560.617587089699 0.10894457445955827 3.179285373802498 83.96197005547583 308.1416650060138 64.09166927347218 17.704100352935036 134.3383418377723 6.832455574309709 24.957891421282877 74.65935510191828 32.18357657620362 85.79856066726433 210.76149947214017 26172.83077431069 111931.1919384554 463291.4834752134 0.19602281 0.53504955 2.6899584 306.51369 1.6343155 1.359608 -0.086607302 0.18564029 O5 0.49733330128144637 0.2647048704716269 0.31907853209918147 "time limit exceeded" 7200.064444065094 8
4909 H1,K1,L1,V1 10.49100829113363 4909 0.0 74.53976686531347 0.2989942337261409 0.38924075543887615 8147277.791975562 0.19314665464533684 157.90317402457882 135.99104626011103 1227.096892501825 360.77722585545763 12.548425705251603 11.458934403003589 39.736632438011 174.27769662777342 822.8704344395152 184.50521618933362 490.6068328324694 1187.4995472477972 8608750.288869059 41335352.896288045 232935480.4898095 0.64185696 0.81303405 0.65550415 1115.8567 2.914639 2.5083112 -0.097895353 -0.0081395787 O5 0.0 0.0007586706516596134 0.010517828684792788 aborted 0.641057014465332 0
4929 H1,K1,L1,V1 12.72607946239986 4929 0.0 5.809485700446169 0.1673206493063319 0.31442599813704114 23416.564617868924 0.04380808278780337 1.8297605933279406 79.85572840925306 540.01095028709 120.23587494656769 14.68665622410768 23.995451299628424 7.088864574364125 22.48443483434531 85.96218370860055 60.74685190536758 161.7745960406861 395.23678842134746 132845.6158379092 504433.21771365823 2707981.2960614385 2.1754526 -0.32434553 0.60051284 480.90804 1.8034732 1.7394442 0.045050543 0.050579869 O5 0.24683357442829895 0.11405776208603843 0.1461819729156116 "time limit exceeded" 7201.302096128464 2
