data/uvex_bns_O5.ecsv
# %ECSV 1.0
# ---
# datatype:
# - {name: coinc_event_id, datatype: int64}
# - {name: ifos, datatype: string}
# - {name: snr, datatype: float64}
# - {name: simulation_id, datatype: int64}
# - {name: far, datatype: float64}
# - {name: searched_area, datatype: float64}
# - {name: searched_prob, datatype: float64}
# - {name: searched_prob_dist, datatype: float64}
# - {name: searched_vol, datatype: float64}
# - {name: searched_prob_vol, datatype: float64}
# - {name: offset, datatype: float64}
# - {name: runtime, datatype: float64}
# - {name: distmean, datatype: float64}
# - {name: diststd, datatype: float64}
# - {name: log_bci, datatype: float64}
# - {name: log_bsn, datatype: float64}
# - {name: area(20), datatype: float64}
# - {name: area(50), datatype: float64}
# - {name: area(90), datatype: float64}
# - {name: dist(20), datatype: float64}
# - {name: dist(50), datatype: float64}
# - {name: dist(90), datatype: float64}
# - {name: vol(20), datatype: float64}
# - {name: vol(50), datatype: float64}
# - {name: vol(90), datatype: float64}
# - {name: longitude, datatype: float64}
# - {name: latitude, datatype: float64}
# - {name: inclination, datatype: float64}
# - {name: distance, datatype: float64}
# - {name: mass1, datatype: float64}
# - {name: mass2, datatype: float64}
# - {name: spin1z, datatype: float64}
# - {name: spin2z, datatype: float64}
# - {name: run, datatype: string}
# meta: !!omap
# - effective_rate:
#     O5: !astropy.units.Quantity
#       unit: !astropy.units.Unit {unit: 1 / (yr Mpc3)}
#       value: 2.7123599515211423e-06
# schema: astropy-2.0
coinc_event_id ifos snr simulation_id far searched_area searched_prob searched_prob_dist searched_vol searched_prob_vol offset runtime distmean diststd log_bci log_bsn area(20) area(50) area(90) dist(20) dist(50) dist(90) vol(20) vol(50) vol(90) longitude latitude inclination distance mass1 mass2 spin1z spin2z run
[from data line 384]
3391 H1,K1,V1 18.46455225270121 3391 0.0 2.475260555212497 0.6049785304942087 0.6164229879194536 4682.721151709907 0.4419961824841113 0.819515332990886 106.93117641285062 278.3890919208363 51.80461678993274 13.484566553782635 85.69809391392785 0.5614249083219537 1.8144684169904528 7.087699973098637 25.85299482241055 68.9582124679753 170.0986294569628 1519.170374584876 5788.247556486091 30562.97874173358 1.0351946 -0.52505448 2.5940963 294.05195 2.4566875 2.0324304 -0.14649138 0.087159512 O5
3393 H1,L1,V1 13.18391287807152 3393 0.0 8.773241385098002 0.10489945847373558 0.24769857740424506 147583.2259776793 0.05375412974818856 50.26185273105169 115.70791677758098 700.4521600854583 178.95602088256075 11.763187165167622 35.34794886167633 19.646014393770574 74.12485602205766 290.93567442700066 89.94143367345612 239.6934373297854 588.8471196349443 846129.2157425346 3709112.2172017377 19825559.199133158 4.3140167 0.54304834 0.96083533 577.92357 2.7376557 1.8269842 0.32703425 0.073886022 O5
3400 L1,V1 11.28742711161733 3400 0.0 512.6510496654835 0.5630051649637424 0.49002861004133486 3342849.61097902 0.4042806128091241 7.0669438357455325 99.5248020356521 428.50738254821226 147.91266854886433 3.485268986907567 21.493928650296237 87.38124270975324 398.58539634096763 1968.0224492340403 80.51637488720252 209.4213062642969 478.50075271505136 719794.2432070927 5571911.403445063 46141605.43944987 1.0334248 -0.19423854 0.18115168 408.10971 1.8029081 1.3733945 0.28207898 -0.13546135 O5
3403 H1,K1,L1,V1 11.91674197027258 3403 0.0 32.286577414216424 0.16778863982699058 0.10157443767374541 2426713.5304343454 0.15930463623913213 154.04819394756245 122.85092763137072 849.2926695253783 230.1966554349795 13.494637392562282 19.566068464166584 42.74249868224769 182.2003214060452 845.3716580223569 116.8748040347757 311.08804663548904 758.0870911424925 3483966.9134488767 16233852.23706966 94362119.01647761 3.3205302 -1.0114831 0.88246485 558.19015 2.487196 1.479962 -0.096653265 0.059597486 O5
3404 H1,K1,L1 26.97704257722727 3404 0.0 16.77931592261865 0.6785074567638958 0.018141812769668423 210576.05840615983 0.8890265799724518 2.3645348462216895 89.26375761535019 313.57488473144883 68.19975467256313 16.300727662172015 221.11975034802035 2.517031053298741 9.260380786376306 38.058338094647176 34.60992900875351 92.07644530176213 224.1261808812861 12012.127467917026 46331.58926095175 225404.50964339505 1.7216019 -1.0887058 1.1778074 174.04982 2.2629741 2.2282183 0.057071864 0.0053423715 O5
3410 H1,K1,L1 10.74849750935509 3410 0.0 2485.1484834699268 0.9793497349264035 0.5558571899137446 493477615.253568 0.9619903005364427 31.50030069879344 123.54702290520072 1150.1937520500278 354.3695301556503 11.02421709154422 17.71373229139965 96.36263521394115 335.7234133727186 1449.7905430976994 184.9926761432364 489.7285007303102 1161.549299673228 16320003.379854323 65047618.29465285 312120675.752466 0.52886956 -1.0294383 2.8743569 1184.4541 3.4195395 2.9160032 0.16160679 0.037766707 O5
3428 H1,K1,L1,V1 12.00249661232714 3428 0.0 11.586186492875262 0.6381582731070904 0.54987577778837 260376.2723541815 0.543493861478934 2.7231097493103777 119.79456159379333 585.9230456521293 146.85224705274553 16.638835214015106 17.92322832625406 2.2186005213818842 7.390549539968428 30.379832459131315 73.62426019474492 196.09068469512107 479.7426688013203 53782.37503540208 219371.7329845895 1274021.0332022205 6.0186538 -0.13571159 0.45022608 600.39284 2.58806 2.5574212 6.7772393e-05 -0.00064207321 O5
3440 H1,K1,L1,V1 14.90967164488771 3440 0.0 5.763586829223541 0.6096856151629264 0.4979980377657372 41040.226321027505 0.4282446374859349 2.0278566997911223 117.91829713340849 447.53660657425064 91.80998927497636 20.694932941249817 48.03543358884251 1.3080555471970763 4.167187061735251 16.4779735692073 46.452255091023574 123.6937288852564 301.9044897815697 14065.282032225849 53523.39604676318 287171.94975577405 0.22617272 -0.47506487 0.33851533 446.34289 2.0629217 1.7160652 0.1530275 0.0056766234 O5
3447 H1,K1,L1,V1 10.79497793997297 3447 0.0 82.04095381938444 0.6261758990259645 0.11266066966429371 1550160.9705873483 0.5313590954254397 12.270991367305891 122.13726754400705 540.1684422887643 151.41903874246452 11.21649379621002 12.874254928838091 11.351401188460152 46.26693931718668 580.6873226881137 75.38346801560965 200.98967902615414 495.4106026773734 254946.53961971946 1323835.0195337376 22990025.584614005 5.8754208 -1.2331653 2.3651113 360.03718 1.3205584 1.2525575 0.0046824676 -0.0867647 O5
3454 H1,K1,L1,V1 10.52487474344346 3454 0.0 42.51546871522416 0.5452633940872722 0.027787935516224934 961856.6089111175 0.5226781238851975 5.621335744123256 125.03754831291735 566.6451059034273 187.36201682673718 15.158127871326332 12.804381447637624 8.230069226124272 34.269201178533834 241.2497353704929 80.25743884961844 218.59592396466866 606.4317713352905 151640.47769133686 843025.6685437809 11590190.721431633 5.5518159 0.1551498 1.7422552 274.457 1.9307097 1.4210449 0.0050754081 -0.033780236 O5
3456 H1,K1,L1,V1 10.0483461354718 3456 0.0 0.8302777955067605 0.07431877590753812 0.3311185634914369 4043.1413472722156 0.01689599692998035 0.5449862582877366 123.00698997732252 597.3305330712988 175.80584667760175 10.5590748443294 4.881733298139489 2.4443031768796675 8.085622677925159 36.514762954454156 82.7596918133188 220.86394574035506 551.0976624775942 65380.46860034927 265576.84719467344 1869010.9647162948 3.3864537 -0.49771376 2.450581 518.26763 1.6705543 1.4502424 0.069439469 0.097074025 O5
3461 H1,K1,L1,V1 10.92500222849129 3461 0.0 71.36618776935418 0.5506524583621204 0.6772629954182386 3578658.538981027 0.5353525250474008 8.263082119948793 123.93918913323432 674.762510980888 219.6477841696026 5.852925975582883 14.01448959014534 19.307637449258532 61.39513049437664 241.69093072652487 109.75521136267753 292.9770140091457 722.8192600043185 790192.4821622506 3139258.3297077725 17548364.029855777 5.4537721 0.7534396 0.61465207 767.8574 2.9134877 1.7721959 0.062893382 0.036925811 O5
3463 H1,K1,L1,V1 10.49753928349976 3463 0.0 77.89694144615237 0.41550107709474443 0.646173848206026 7427720.6886892505 0.34702418676323116 5.753847854689423 114.85558175100596 1005.2780767582545 282.5954843778709 12.839113645797834 14.296802769967353 33.712865279258764 100.80950931084378 560.6498256147789 143.1832814908355 381.2182839538881 929.5446450462647 3595642.1037279884 13557345.83664313 102555332.37421626 0.22829196 -1.0336741 0.66708061 1104.4836 2.4811599 2.4259324 0.11570903 -0.048203633 O5
3485 H1,L1,V1 10.44864713306975 3485 0.0 2.452311119601387 0.019436918614092368 0.29677315339626814 20281.23511209879 0.004192489401210988 0.7596329398905689 114.37995858862996 695.0472654396076 205.11864866402033 9.158062807593375 15.011151674167358 45.26662968340593 244.97612884901807 1414.0070792399647 104.50683465251689 278.09283520833253 675.7458092701788 2506656.685442282 14714429.784850981 92200525.14215472 5.9125921 0.8837983 2.5521915 582.07442 1.8914953 1.5342518 -0.062021495 -0.096547433 O5
3501 H1,K1,V1 14.99114425776216 3501 0.0 3.6292893173778786 0.5589702898570601 0.19124615755316796 40991.4305636968 0.43104421580843405 1.3188214549530906 103.13614909100579 479.87223689371547 114.51316384391306 11.66435421350532 49.08098104039299 0.8270102018429664 2.933431000906471 15.807488648861737 58.282627732166645 155.0903371330307 376.9596435563497 12581.481020912555 54348.28038216363 386234.73254363646 4.2644342 1.194071 0.94135031 379.08964 3.0944809 2.1711947 0.16395483 -0.15290161 O5
3505 H1,K1,V1 15.26779334378933 3505 0.0 5.481636620285546 0.1414310158662782 0.3176979296536943 21170.429165324604 0.08043076111274093 3.9043851463249934 102.42010129700066 391.4597523547961 78.2751293420217 8.247848520731086 51.64774330069165 8.144999301194561 28.71680719946532 123.00561115238526 39.39642613464156 104.95276850856197 257.0898549488559 63935.748632622905 265246.03353803256 1387386.0795771955 4.4986764 -1.0076797 0.6487214 354.30585 2.5596756 1.4068643 0.20090112 0.11767495 O5
3512 K1,L1,V1 15.28357628801096 3512 0.0 77.76580181408974 0.33194446928354876 0.5876842092327396 970041.1109153215 0.2336194789809967 13.500067129998051 135.39757932908833 500.86139131527295 137.78345727108774 3.743567912561126 51.81455318336191 34.78948263963727 183.1098738806136 2146.2899921401954 69.64370424224973 186.00656317029853 456.90960029558124 755158.710612496 4677147.976480219 55152945.80841758 1.400642 -0.39896224 0.47499642 532.09287 2.8573238 2.4968379 -0.0714655 0.17009174 O5
3514 H1,K1,L1,V1 10.09386807675698 3514 0.0 715.0781857198109 0.5784336063117475 0.4419569842624274 51703731.95387 0.4052336602865022 53.94224192248751 128.87452563177794 1002.5857216151322 324.68659109368406 10.794676708033208 6.041837274346258 161.3617484497319 558.3136123945998 2208.235553237585 168.6511356961911 446.85485836088526 1066.0121338077827 18104838.913273484 74881940.15141705 420509700.7634952 1.8979357 0.062834014 0.41471445 938.80381 2.2266659 1.4675822 0.081921443 0.24812711 O5
3515 H1,K1,L1,V1 10.50424095912867 3515 0.0 2.7277043469363154 0.12642828310795812 0.46722973794614087 20910.944544065052 0.07027190520839399 0.9127055584856762 140.33770191669464 481.6465682391669 128.54916948734606 15.273148733382637 11.30347020671016 4.633242094943507 15.587328673158051 69.65411917860013 64.79322359456546 172.6052355117556 422.4997364681595 74965.21721578306 300492.8217536601 1872506.9201724874 4.5605338 -0.80905369 2.8433522 468.93902 1.5098943 1.401951 -0.10474708 0.072533636 O5
3549 H1,K1,L1 16.07344165267476 3549 0.0 42.76463401614657 0.9168606154872957 0.11369652634161684 136547.90342561874 0.8463574405073524 4.016806309892246 119.6607255153358 288.1771431689739 88.98471287325691 15.330323555127741 58.52177649655424 2.523041856096767 8.218891213300633 38.584650439721194 45.401688987436444 122.72099090969482 296.88272223321087 10756.216347430744 40326.86448010524 176820.4527349619 5.1321599 -0.60202745 1.3859576 166.79925 2.1527747 1.5792597 -0.20536764 -0.092790854 O5
3564 H1,L1,V1 20.24480880038172 3564 0.0 140.79150898415892 0.9577747997438282 0.05193024853256175 1764798.1138945455 0.8565440918401414 21.814927501678746 121.54054556507617 468.90403509034263 116.08372533570407 10.94138556883027 111.26315080492061 8.776008017111021 27.743954330672434 98.7678251734514 59.04402345582997 157.19550909868042 382.75565720844577 130772.21011845613 483585.1668814866 2210883.361885837 0.63831926 -0.36846994 1.1737649 280.2866 2.7754503 2.0041654 -0.40781083 0.01691877 O5
3565 L1 35.26941973383992 3565 0.0 6748.760201142248 0.4276252220853327 0.7807242885919128 10193540.907707907 0.6887422961323183 33.4562372625769 28.811557542532682 153.1935830434437 47.578677612070706 -0.00034281628779808 407.4587455557607 2757.5399139105803 8313.515110297765 24663.949798404406 25.590150598410986 67.33285123689355 155.6652362638717 2506542.017851203 6720880.726933394 17053629.264217626 1.4307079 0.96796501 2.7073554 190.78763 2.5017144 2.0331589 -0.0099612806 -0.018869435 O5
3574 H1,K1,L1,V1 11.36817355404701 3574 0.0 49.01999446561098 0.21363745382520638 0.44858698829944715 1088321.926615178 0.1074593515520972 5.982294660821188 131.68826590944082 713.3161746611502 207.65344146111556 12.404934596420865 18.200942638828725 44.974568839121346 181.089793185149 699.5848537144608 106.15571100415161 282.3646675743588 684.4421105993267 2513034.9390194397 10683988.065329531 53453594.64160692 2.0504311 0.26926387 0.54588447 683.01496 1.8162201 1.442791 -0.010436785 0.23868644 O5
3578 H1,V1 11.36646315824653 3578 0.0 121.8024902612578 0.423324419654714 0.734265883514571 3459701.6909948727 0.4425721788009037 170.1971428597731 123.15607465524226 543.6675640119391 152.8268588710167 3.63470113156567 22.793899219739625 42.96482118333788 164.37122782633563 3508.23709188939 75.85209623276239 202.45248229337858 500.64799007991405 1002788.1120381365 4401921.1150224125 113970586.20944072 3.133087 -1.169251 2.7747349 634.3845 2.5211057 1.9034408 0.081792267 0.017232346 O5
3584 H1,L1 12.1489010755547 3584 0.0 883.7762084072242 0.9118769564379781 0.038974516603014826 17244293.864148676 0.912828494277204 10.977337801786659 47.522709796001436 441.214756470932 116.89451098187064 5.746113208357357 30.03260765700677 62.29717069500922 203.43904645084424 821.6254195397411 59.20795490762072 157.64098515668775 384.4996267992034 866101.9237072306 3175302.0027049626 15795294.512087991 4.2977307 0.88675022 1.816353 240.65204 2.1575665 1.570325 -0.039532809 0.11805882 O5
3610 H1,K1,L1 15.37284788134027 3610 0.0 20.313529006751956 0.22703804236206343 0.42373668607138615 343351.7780007526 0.07877303228571225 6.330145115990633 125.84776937961578 782.7198075601862 197.10053371362127 14.521333927397642 56.80651073989427 17.558232245481555 55.2567149441935 281.9850221378102 100.22379095761437 266.74422227635046 649.0418613102917 1019411.1983576281 3717111.5700293197 24649694.619939383 3.3882199 -0.39512057 0.69455147 742.36448 3.0392232 2.9475218 0.58843026 -0.016576479 O5
3612 H1,K1,L1,V1 17.52588637894743 3612 0.0 47.21026754312253 0.8487873897886211 0.7693217075648174 694276.5442746833 0.8412565929179256 12.017221489882907 134.82893727894407 426.59890394732025 94.5124774234784 19.108075276834104 76.5843381086463 5.587833865244313 17.949705690489072 58.05723670958635 47.83267603434882 127.3753574899074 310.935753978797 60299.57682144343 212224.5836390228 933940.3274536841 1.9926201 -0.53958284 0.4051814 495.65389 1.7570197 1.3950553 -0.14477562 0.16580217 O5
3628 H1,K1,L1 11.3868101509988 3628 0.0 10.051852797723837 0.3305641242737946 0.5723051609468365 153868.15492224976 0.263420473859734 2.627433004782568 110.78050585399615 552.8233724534014 167.8585671729251 8.255726284271919 17.626743743267497 5.435382340370721 18.431297153415198 234.33129779754466 71.83398826763982 193.16393095355164 525.5454709031208 106015.66138431168 431832.6224897298 10697375.19413913 5.6106768 -0.60922579 0.6209888 562.89013 2.2069016 1.8319971 -0.32180719 0.16455016 O5
3631 H1,K1,L1,V1 12.27651620064344 3631 0.0 6.134056289805184 0.2497677047414447 0.3337605958598194 92715.82317781511 0.17953959840952477 1.270292604562568 131.19247990846634 653.0911545047747 233.73323046196185 12.467495480895401 18.82486473046088 4.274716035702261 22.290388343984286 170.81667316821463 103.12109450521359 294.3010818859125 inf 111147.4735773751 880663.4731166577 44438585.60759336 3.4767946 1.0628644 2.4837943 562.6957 1.9185268 1.7394565 0.025658312 0.0010844039 O5
3640 H1,K1,V1 13.71557517694951 3640 0.0 28.69335149565678 0.2787375393101337 0.6415346522300537 226620.16840177416 0.2628140948743242 8.413843405420003 129.80264471378177 382.92383257892027 92.9313026743104 6.137636594496023 37.70736284686048 18.45732297812215 67.13786268230344 278.51189675739926 46.88028996260704 124.84962515952344 305.20430302309944 155631.47080720568 616276.7940599716 3231906.558856276 4.6215035 0.85302981 0.13770723 416.87073 2.0342379 1.2211683 -0.099703544 0.17355173 O5
3651 H1,K1,L1,V1 12.10565384612999 3651 0.0 24.116578336612747 0.6021397619163892 0.031380587114397646 220025.7533983345 0.5036175728987972 2.659437248999046 125.06154945213348 429.67162940267247 147.44151353288674 12.355248446062518 19.57375125749404 4.391386105854933 16.14252260347872 165.91251180137326 68.87736667286356 186.62669299413233 515.4296495821864 48320.55490856778 216535.6796913067 4366628.012461557 3.0210491 0.11696089 1.829708 183.99228 1.8487305 1.399845 -0.050399949 -0.07806496 O5
