data/uvex_bns_O5.ecsv
# %ECSV 1.0
# ---
# datatype:
# - {name: coinc_event_id, datatype: int64}
# - {name: ifos, datatype: string}
# - {name: snr, datatype: float64}
# - {name: simulation_id, datatype: int64}
# - {name: far, datatype: float64}
# - {name: searched_area, datatype: float64}
# - {name: searched_prob, datatype: float64}
# - {name: searched_prob_dist, datatype: float64}
# - {name: searched_vol, datatype: float64}
# - {name: searched_prob_vol, datatype: float64}
# - {name: offset, datatype: float64}
# - {name: runtime, datatype: float64}
# - {name: distmean, datatype: float64}
# - {name: diststd, datatype: float64}
# - {name: log_bci, datatype: float64}
# - {name: log_bsn, datatype: float64}
# - {name: area(20), datatype: float64}
# - {name: area(50), datatype: float64}
# - {name: area(90), datatype: float64}
# - {name: dist(20), datatype: float64}
# - {name: dist(50), datatype: float64}
# - {name: dist(90), datatype: float64}
# - {name: vol(20), datatype: float64}
# - {name: vol(50), datatype: float64}
# - {name: vol(90), datatype: float64}
# - {name: longitude, datatype: float64}
# - {name: latitude, datatype: float64}
# - {name: inclination, datatype: float64}
# - {name: distance, datatype: float64}
# - {name: mass1, datatype: float64}
# - {name: mass2, datatype: float64}
# - {name: spin1z, datatype: float64}
# - {name: spin2z, datatype: float64}
# - {name: run, datatype: string}
# meta: !!omap
# - effective_rate:
#     O5: !astropy.units.Quantity
#       unit: !astropy.units.Unit {unit: 1 / (yr Mpc3)}
#       value: 2.7123599515211423e-06
# schema: astropy-2.0
coinc_event_id ifos snr simulation_id far searched_area searched_prob searched_prob_dist searched_vol searched_prob_vol offset runtime distmean diststd log_bci log_bsn area(20) area(50) area(90) dist(20) dist(50) dist(90) vol(20) vol(50) vol(90) longitude latitude inclination distance mass1 mass2 spin1z spin2z run
[from data line 703]
5980 H1,L1,V1 10.71100572548321 5980 0.0 137.74906952027857 0.23486362013132828 0.9119695132955987 233097567.46464318 0.6748462410966102 48.22002981999445 132.23366621974856 1417.6140076289091 400.2510489799329 10.613771161478212 18.03351957511071 110.6354939831117 412.92943961755884 1504.9670323735982 203.42650080255703 541.3288349225247 1317.1011175884796 28209703.528480496 125226436.35085778 589608131.28559 0.70485626 -0.3014558 2.7195296 1969.633 3.8595337 3.7693088 0.019429411 -0.063206965 O5
5982 H1,K1,L1,V1 11.50954657372972 5982 0.0 58.1341988940765 0.2085095514459496 0.5472184871375806 2753084.131415358 0.15433739800843108 5.842737912232445 109.90092655923218 819.5055538638107 225.5709001616528 12.419848399066346 18.920311241073406 55.239364754937235 194.61052224592953 848.6978927479096 114.53125986530347 304.85673845466863 742.4154444068226 3854458.956752465 16293052.701992534 88847998.67209302 2.4378351 -1.0297269 0.619577 841.08366 2.0435723 1.7997992 -0.084755129 0.29566834 O5
5992 H1,K1,L1 18.051383745771 5992 0.0 81.5688511439504 0.8525488010249085 0.559291159500882 798752.3804806834 0.7248500539013187 11.73745564830328 81.98034905642271 466.79495793017855 83.66241751754808 21.38263525735797 85.6801008867106 10.657129540021957 32.78446667260278 96.04991672508432 42.183076911564115 112.37332968696848 274.9380569110507 116418.64417490749 396557.4928074053 1585271.5398884837 4.6629069 -0.008206791 0.46515296 478.41969 2.8435247 2.8246888 -0.14019517 0.092243272 O5
5999 H1,K1,L1,V1 14.51601911978574 5999 0.0 89.6995083319377 0.7292778944446272 0.47934486981173763 1990297.5383766007 0.6204530499133399 5.906018339880326 89.22665867768228 622.909527510174 154.47808697578319 13.781673466968961 42.89070152491724 6.278886702372436 27.70506299722233 299.5741575671529 76.85936821437554 205.22948091285093 508.104244061874 167232.69243953432 986889.3550991019 15244630.279533343 6.1218104 -0.099600215 0.27632789 609.72427 2.0048893 1.9673907 0.12554267 0.019397066 O5
6004 H1,K1,L1 10.10156976866802 6004 0.0 4.484975416597158 0.02546331176164851 0.28624420866647926 186288.1402842897 0.006815104825983852 3.153161533976605 78.19744011200964 1187.2481179482916 347.92298175312493 10.779748110874028 13.83334591371067 45.88053678519826 176.5090564988898 1214.2897535201753 178.81587458716763 475.69092234611026 1145.2337695245824 9132430.870976381 39157817.416794166 300322884.1158452 5.3949229 -1.005436 0.96987954 981.73945 3.2135328 2.7416642 -0.180661 -0.081412421 O5
6006 H1,K1,L1,V1 12.37080389392955 6006 0.0 9.96333354608049 0.24616140955044494 0.1613477861469144 340444.44943808374 0.14303127198590662 1.8611924262291433 89.82724391389638 863.685564357855 222.67841431108226 16.60658542527982 26.45187858455627 7.627777713115106 29.94220518008227 230.37285792154145 112.10572692228493 298.7276871002696 732.0932690092233 533062.9471345001 2611113.748626119 28418293.056625105 2.9087316 0.37028248 2.0734437 643.89989 2.6303454 2.364071 0.13501211 0.0095702037 O5
6008 H1,L1 10.4056617524571 6008 0.0 36.83712264684488 0.12190029669797116 0.5605072549789929 713803.1299105784 0.055837714713736934 13.745143712109439 49.93692965153605 673.1211381675874 202.16943116197757 6.699621014752456 19.266529272959954 65.19703622951586 242.2744124587892 1195.7508904113233 103.61328857583214 275.4502907414891 666.1484976450854 3195439.108017102 12747540.816487063 68212455.91397826 2.9959081 0.21476512 2.6485894 699.73589 1.7935223 1.548613 -0.01902364 -0.12435279 O5
6013 K1,L1,V1 10.66900533538085 6013 0.0 8.340480599285938 0.036732983773893974 0.24618234708016973 42997.92721411613 0.03090699432684234 2.26538791330192 126.24792140722275 468.6522160902975 153.00678232430155 5.194446889566779 13.699266208660335 113.29166275171679 439.6594410967754 3903.862065703547 72.38814343402828 194.39990866919305 499.6973764111121 1299272.6501570947 6748374.897269056 132340766.96532363 1.3458627 -0.60968787 0.52796174 360.76242 1.5708916 1.3637371 -0.12568246 -0.24006752 O5
6015 H1,K1,L1,V1 11.25915594655646 6015 0.0 176.6188564641041 0.6674063764339068 0.6508783144417342 8003099.358216375 0.5943664164630788 25.500495466370204 153.739677593112 708.2068026398782 190.9645040667883 13.558215042173558 18.328375253131142 20.08251974601965 94.16974425743452 504.05593092158847 96.44417218605781 256.93142196593806 628.5840123167609 971104.8010227142 5349805.949486198 36519101.92818447 2.7937684 -0.39957191 0.68265933 779.19933 1.8329595 1.3621029 0.16965146 0.050459664 O5
6018 H1,K1,L1,V1 10.53563312380437 6018 0.0 34.4503813432743 0.6448306438319186 0.2933335602728843 355220.07986874843 0.3649366058656276 6.5463457217985 78.78389695007354 537.9719520782413 165.82993930206004 11.758349551061533 7.650093812107135 7.10487903790342 22.59022957216307 84.91452918711816 80.48793526655362 215.98569429642214 580.931126731669 154344.2317174545 601425.8160038532 3478862.9254461518 0.83754966 0.5530869 0.1852059 458.26417 2.4864291 1.3524663 -0.010458108 -0.031436804 O5
6024 H1,K1,L1,V1 14.82031712320578 6024 0.0 1.8646416434134687 0.3133060011840693 0.8071203197749177 35973.56050634399 0.4419897736613177 1.035096736255481 117.6404770060035 452.6648356964264 88.45640010335723 24.341853039673307 46.86520090527115 1.0991259111284608 3.4860171713480397 12.371589089445783 44.774885797994045 119.22455727862547 290.98884808106334 11818.476721403042 44308.1917240429 211553.92601718678 5.012726 -0.23967854 0.31073432 529.19411 2.685889 2.1734362 -0.12475694 -0.0025232944 O5
6037 H1,K1,L1,V1 13.61480386492763 6037 0.0 46.3578599347051 0.8968021258075067 0.02085743363059542 485463.6347143003 0.8289763378669683 8.685189985369204 77.66912824939936 409.9410188078542 94.64995542665908 13.085499973063133 30.35851520081978 4.269884152832223 13.400564076235648 47.08352156634039 47.72454848607515 127.14244039992758 311.21447407878225 39479.28185291857 146917.64315301782 704925.0230683315 4.6974295 0.57795604 1.8573421 219.93114 2.4526105 1.3896037 0.15647961 -0.096561577 O5
6040 H1,K1,L1,V1 20.15362441374574 6040 0.0 5.4881936018888 0.4109137559288512 0.6120068013267753 8732.244123467544 0.3061167489756133 2.3175869133481646 84.84581383201294 270.5266403142789 44.576645991426034 25.470418530479428 106.777022975387 2.210225189455887 7.35574435596212 28.00539223331465 22.19870966634079 59.19472276006749 145.9773138302415 4878.279649547471 19388.23155475832 95874.78596599534 3.6426857 0.3273376 0.63153193 283.01412 1.9152764 1.7738937 0.088756952 0.0013645655 O5
6041 K1,L1 15.33158425180241 6041 0.0 587.9251984703582 0.6955803028908485 0.5975433977780013 14782746.396784427 0.715533509968548 63.25412098995348 86.30086535681039 477.3642417849993 126.92508113038706 2.531350993870184 57.56527657034519 41.27908183571756 167.7928750735607 3545.1458288525164 64.61389801744951 171.9413878681661 417.99531496824477 678649.4336118778 3584854.413292149 64628357.60606022 2.2959064 0.58002919 2.7845711 507.36755 3.0944817 2.1542731 0.13846333 0.021655081 O5
6045 H1,V1 19.39858829333993 6045 0.0 644.5775195220945 0.47773767267173056 0.6392696120479757 1388288.1256276064 0.3826012879682607 17.86785085414592 72.36968317162246 246.74673157244996 65.14803476731046 0.37249693570955245 104.71797470788542 209.58133410249346 691.1156196486728 2672.6059103958896 32.402650004097666 86.74711028201881 216.9538597673146 567936.1190869405 2151839.152967152 9929891.941307515 4.8974562 -0.53160421 0.51626505 270.87045 1.5081859 1.3618827 -0.19102553 -0.025803284 O5
6052 H1,K1 21.64616598431175 6052 0.0 74.85450198227004 0.2599756891982343 0.6526916950891496 194419.0966265965 0.20249892013790577 1.7592272243480043 67.62412115279585 276.6959870051087 64.62041777488864 4.071224597891835 134.76152878288877 52.864246265348896 223.16738148998294 762.2610770017501 32.97447633778654 87.66332733694622 212.39985701878248 191068.50798575874 848735.3570261389 3320159.268766721 6.1238151 -0.52633463 2.5355937 301.80316 2.1190441 1.8890751 -0.076546466 0.26690799 O5
6056 H1,K1,V1 27.78145343161811 6056 0.0 0.15982642657829896 0.17863664539992177 0.4935629263888225 43.27533455746855 0.08186817105687928 0.22462543136486016 111.53431580308825 175.80363348044187 29.798796470056928 22.978126980465447 232.8185109656426 0.1813345636113166 0.5697097034080166 1.9632105085963492 15.046913576182874 40.07576562625553 97.9724449571324 123.28599723755558 456.6787160895977 2106.024838844673 5.9422985 -0.68250335 2.4445564 175.28523 2.3108972 1.4094021 0.0054263125 0.11064705 O5
6060 H1,K1,L1,V1 12.44494564432132 6060 0.0 0.7179894855517431 0.009519313222233783 0.6965850248079412 335611.7909974829 0.09198518528241706 0.3250199095518844 126.48828543300624 725.6927510001975 182.49483946294066 13.460283506259238 25.866550574622497 18.525535272698722 62.582068126671466 328.1217555671939 92.1017651528698 245.371602661853 600.6796491609518 862397.8927053007 3649823.544564928 23107208.619659364 1.3214947 0.39200267 2.4942018 818.63304 2.0940495 2.0423386 -0.064919164 0.0067793192 O5
6067 K1,L1,V1 12.83450115947661 6067 0.0 17.16617783720996 0.1781601248818663 0.729769355153005 677980.802395905 0.2636416251547829 8.751847132674222 138.88647747971117 571.147368340867 152.40020447782567 5.56747413356193 28.941227880455767 19.751463783969598 75.94686616497248 685.8721051591239 73.6552678263754 197.0285469041915 496.18292539459395 452400.9177701781 2239415.5684969504 29301311.81755129 2.4768046 -0.84350829 0.08038919 656.29649 2.8288852 2.7603714 0.07080783 0.060595304 O5
6075 H1,K1,L1,V1 13.19628300835407 6075 0.0 92.40098475245611 0.7596319112493073 0.27569050942701906 1532998.33692014 0.6116885973776848 10.267463743590145 126.20334698725492 533.382631259736 132.49021206772917 15.98003649554471 33.325173508651055 10.983923151542479 42.813430693572144 140.75015309611004 67.33782171183356 179.21909089297378 436.1158565263707 258346.94597203925 1056133.4696594765 4404316.36476375 3.8544304 0.72047662 2.3020331 452.77505 1.5059136 1.4933555 0.0085263634 0.036744586 O5
6076 H1,K1,L1 10.60185207985324 6076 0.0 22.621586531082706 0.14246204000896523 0.1724184306149639 203534.1054726027 0.05735962106180193 3.4819400744341515 124.10936291702092 750.5978256404267 241.99391026433477 10.490773822966254 16.13025266383998 38.94141902633568 242.93767497107845 1094.812096073531 122.97641211681207 328.3017448987888 791.7011471677492 1453819.660138979 14775668.454826575 101031228.81385328 0.003251165 -0.27723877 0.64750457 522.41909 2.5162999 1.6507953 0.078196919 -0.19227022 O5
6085 H1,L1 12.41278309860346 6085 0.0 146.089550119563 0.299133663655131 0.27793781926806876 4659048.51595636 0.1221205122206242 145.3916870428665 30.312829507514834 889.4183697001101 246.47445955431888 8.294060915677747 34.16409596181409 89.72540802730776 299.9741056398769 1193.0007752616373 126.39908908355744 336.0075351732312 811.8179466290105 8429049.70002192 30889552.957765963 132476500.93215726 3.5450108 0.72142034 2.1243367 739.03112 3.0451931 2.926075 -0.71090717 0.20280611 O5
6097 H1,K1,L1,V1 10.26110384179565 6097 0.0 200.17153438285104 0.6604244794240794 0.17993054398580588 9454818.343167242 0.6293727980975866 20.2321784817281 83.61033098306507 742.1704207604081 325.51581157858567 4.390782406497207 3.3222125164236274 10.17127324377962 51.14261578978837 1928.2615226901303 147.78224313657063 409.1433446263828 1611.1390419190213 527586.573080996 3520729.165608038 479807323.44792676 5.8611064 -0.22038395 2.0887532 484.23492 1.9770485 1.7503944 -0.036557989 -0.069597591 O5
6099 H1,L1,V1 15.50319036201167 6099 0.0 57.03262598473487 0.4528305977217892 0.6820245582103717 842490.2429925014 0.42886460177437236 12.50107069640612 115.46097453963012 441.51245736792765 126.88869143240443 8.13479447332982 51.63786842345804 20.417172203626944 66.07926261326585 247.74555733561212 64.44744989554715 171.8039386856276 421.037541682011 289324.26256124134 1090495.3331255692 4896364.083924092 5.986284 -0.11811026 0.21111501 501.57093 1.8579556 1.6961623 0.00013098226 -0.01270386 O5
6101 K1,L1 14.46202005630192 6101 0.0 602.6128372615594 0.49939823952015194 0.961137458205057 39481549.46567198 0.7768834058025599 2.2898659709150326 124.84920166991651 432.1371273030725 114.43985025084497 1.942742194537722 49.24832906899671 99.70699740385459 604.619549847866 5219.629256983003 57.89838484447375 154.39365146067877 377.9149448552767 1385163.8818151455 9834282.042713078 80343839.76034619 0.42295865 -0.36607917 2.861524 634.37074 2.0204949 1.8911089 -0.11220689 -0.1295846 O5
6116 H1,K1,L1,V1 12.52130990137741 6116 0.0 9.979726000088517 0.2522311233034121 0.6116478373765443 237421.20270402296 0.19545522125455012 1.1236678753455132 87.97014486510307 611.9951717061053 156.92327979326564 15.453325112739197 25.359458180432387 7.334538973885881 33.29705420710555 167.95131406096968 79.88427513696524 212.57874527692996 516.6856563414542 245749.53201285278 1327629.651763546 7666845.014592126 6.1015459 0.96890125 2.6458485 654.57382 1.8336951 1.5268649 0.083993113 0.21700256 O5
6128 K1,L1,V1 13.13861943069242 6128 0.0 268.94115743731504 0.7848802193851083 0.037163500427213496 6384793.70266715 0.9168537577529954 8.17403058342528 83.68830822315067 368.007817261622 94.56213932632278 9.0530714599691 34.530557589122104 22.52026148758125 93.82159039423614 524.7321114759458 47.70940337321184 127.0491968334805 310.62793211431443 182634.7544232826 814719.0986714105 5636363.276921806 4.3918173 -0.18938468 1.8170177 205.31633 1.8244613 1.6242104 0.05937495 0.125738 O5
6136 H1,L1,V1 10.89025332177457 6136 0.0 549.3176907906849 0.6174912357071806 0.9664450602473221 497616923.4867233 0.9254922199760637 161.68115145430986 106.49541127867997 1279.2339736243582 361.890607335271 9.901944015392136 17.326269225273148 111.7512687877404 385.48718495120335 1404.7207228069626 184.5573025200813 490.9822902017436 1192.0622370174933 25273784.99860834 96873506.84245516 428033943.6860445 1.6701656 -0.32912519 3.0381424 1960.2489 3.3772251 3.0274283 -0.11326547 0.13679807 O5
6137 H1,L1,V1 11.50547495185609 6137 0.0 73.43819395596887 0.4791620088503303 0.3967455817098419 728600.8488685583 0.2794593437293284 8.498835861759495 72.5534745035693 563.2471975234473 138.0275222320525 10.289326283786576 21.902585740228968 22.682979346979995 78.25831744953074 319.61698800950325 67.11278159594133 179.4588101585495 450.5256886986408 462616.94640225294 1820586.4290824935 11971434.918452553 3.0087441 0.16353608 2.6898232 522.00995 2.5444074 1.3322454 -0.13273078 0.076693374 O5
6142 H1,L1,V1 12.73190697701061 6142 0.0 6.789754450126357 0.262350228224918 0.7766946548880028 874864.4697499784 0.4256848755045103 1.14235711116324 71.6986258532852 781.694794852901 202.9879625052659 12.633730967333175 31.136690145503245 4.678238737884945 22.663933061081686 484.47704468622135 97.95036686181288 262.9146017563395 667.6742030941612 214157.05430408433 1400059.1111014406 46739022.80855847 4.4616587 1.0305576 0.32546345 926.20282 2.6679676 2.2569443 -0.080342267 0.14382308 O5
6177 H1,K1,L1,V1 10.04878129810272 6177 0.0 226.66174005981946 0.47598889435270897 0.8148635537912399 68417285.14123026 0.5466642578119533 5.9885081036567 82.57507620938122 1231.6971153497086 363.4318313351074 13.041962254090288 9.746145349709986 66.95717019459055 245.70934451211565 1028.1545193691193 185.6190882665269 493.7214871057075 1196.5999459901927 13453712.275418684 57427228.34385797 305074344.3247137 4.1238126 -0.57464561 2.9388602 1556.9598 3.1192657 2.1165927 0.21907332 -0.0097032071 O5
