data/uvex_bns_O5.ecsv
# %ECSV 1.0
# ---
# datatype:
# - {name: coinc_event_id, datatype: int64}
# - {name: ifos, datatype: string}
# - {name: snr, datatype: float64}
# - {name: simulation_id, datatype: int64}
# - {name: far, datatype: float64}
# - {name: searched_area, datatype: float64}
# - {name: searched_prob, datatype: float64}
# - {name: searched_prob_dist, datatype: float64}
# - {name: searched_vol, datatype: float64}
# - {name: searched_prob_vol, datatype: float64}
# - {name: offset, datatype: float64}
# - {name: runtime, datatype: float64}
# - {name: distmean, datatype: float64}
# - {name: diststd, datatype: float64}
# - {name: log_bci, datatype: float64}
# - {name: log_bsn, datatype: float64}
# - {name: area(20), datatype: float64}
# - {name: area(50), datatype: float64}
# - {name: area(90), datatype: float64}
# - {name: dist(20), datatype: float64}
# - {name: dist(50), datatype: float64}
# - {name: dist(90), datatype: float64}
# - {name: vol(20), datatype: float64}
# - {name: vol(50), datatype: float64}
# - {name: vol(90), datatype: float64}
# - {name: longitude, datatype: float64}
# - {name: latitude, datatype: float64}
# - {name: inclination, datatype: float64}
# - {name: distance, datatype: float64}
# - {name: mass1, datatype: float64}
# - {name: mass2, datatype: float64}
# - {name: spin1z, datatype: float64}
# - {name: spin2z, datatype: float64}
# - {name: run, datatype: string}
# meta: !!omap
# - effective_rate:
#     O5: !astropy.units.Quantity
#       unit: !astropy.units.Unit {unit: 1 / (yr Mpc3)}
#       value: 2.7123599515211423e-06
# schema: astropy-2.0
coinc_event_id ifos snr simulation_id far searched_area searched_prob searched_prob_dist searched_vol searched_prob_vol offset runtime distmean diststd log_bci log_bsn area(20) area(50) area(90) dist(20) dist(50) dist(90) vol(20) vol(50) vol(90) longitude latitude inclination distance mass1 mass2 spin1z spin2z run
[from data line 320]
2768 H1,K1,L1,V1 15.34455274237638 2768 0.0 7.245464671549517 0.21260656910689799 0.29343308161813886 27504.76223605641 0.09531071285194229 2.4167293855205165 79.83183239493519 418.8587875229543 96.33166631128063 17.48577629531678 50.705564554409854 6.762819475003832 21.09308450534294 70.09943909715133 48.674941096332134 129.65259426950524 316.9586606199482 66225.88919950153 245356.44552686362 1112237.0356245837 0.30710396 -0.79716181 0.78270698 365.71576 1.5749326 1.4263001 0.10338821 -0.059982987 O5
2769 H1,K1,L1,V1 11.72685501996148 2769 0.0 7.579870733313279 0.17031082674477951 0.10973368425297998 239737.89785572677 0.08698733178233398 2.5786147486193 82.23928336706012 863.7987396407879 243.8853197232494 15.5818173599633 21.850354365551393 9.369833232277097 39.81258883690816 385.8971729672418 124.59679713049411 331.15599116574595 801.6148527926337 747027.6746518648 3863099.071649282 46123151.26875527 5.9984088 0.21721372 1.7879666 566.91949 2.8981525 1.882663 0.82517591 -0.10086501 O5
2784 H1,V1 13.51317695536455 2784 0.0 1502.5454483390665 0.6252757571387906 0.06491983401629083 18313751.76213844 0.7019484677551047 39.59357176181979 142.12330424040556 346.48829102544033 96.41417725592959 1.5595850033702767 41.05679863734607 181.42289187497303 907.8023855335948 4767.915648004315 48.318347703455004 129.039668219343 319.66443425298695 1151598.7460559353 7443975.964154074 48858685.44627641 5.8873758 0.76013408 1.1296629 199.92054 1.5221394 1.2779156 -0.11472574 0.18626806 O5
2791 H1,L1,V1 12.31504759767868 2791 0.0 24.759162533729967 0.16908133959180816 0.5725043485835712 835006.1765775613 0.12410067965430087 3.952474207015659 75.51372969802469 731.6677269952374 193.826747264268 11.19326617781115 28.02368670131531 30.15832284131808 102.65009683834734 572.4187290254727 97.81437369338232 260.5061017171972 637.8824685260731 1522459.7977991512 6160743.537522906 42199988.09025574 3.4362357 -0.65260432 2.3422527 765.30217 2.4402155 1.6655092 0.036710408 -0.17332229 O5
2794 H1,K1,L1 10.95149428909843 2794 0.0 106.85257220593671 0.7015320219172144 0.11363745225269647 2279456.907446293 0.6089001165220546 5.601189762154608 114.5541043644771 553.8304883899848 171.41002182661563 8.593594207111199 17.171384595387906 13.278997820128712 50.636777028945374 402.1424011143193 81.62582081528683 219.02868348639225 559.0990701328882 303503.8558082504 1397309.8786214637 16853565.102673184 5.7329373 1.4623043 1.1852796 357.32323 1.6575664 1.6460162 0.22808756 0.10932252 O5
2814 H1,K1,L1 16.46925975673934 2814 0.0 711.3013643163623 0.8395916213006568 0.031992919803893224 547213.7078067553 0.11155604613460791 146.5924357717776 76.95933866035193 502.18129932205443 183.88500275798575 8.633667797520669 64.64033387992963 55.254023647666294 219.10692285130906 908.6057943957879 96.6901754920504 259.24903114109236 609.6992124736962 1155471.8446879317 4866460.967554751 23936326.641175065 6.0719671 0.95990034 1.6193403 173.71347 2.3521591 2.1429738 0.12729978 0.18340263 O5
2848 H1,K1,L1 13.01313756667225 2848 0.0 25.926305259101724 0.20851095903087474 0.7826156446951414 2450861.0758623043 0.24932958789258897 1.6578030083211996 79.8408044744283 822.1893217827494 222.37962544618497 11.968328224287173 34.57563843734971 24.67288017962578 96.59964251624197 575.0820516245429 113.50929325319203 301.9876358426527 732.7171689419758 1804083.1601255508 8581970.631394424 51158860.377953604 4.8777859 0.72487877 0.63878696 995.7182 2.8366858 2.4337373 -0.022905508 0.042473155 O5
2859 H1,K1,L1,V1 10.05630647254116 2859 0.0 243.70989222816888 0.4261737793606156 0.19945281371338391 19179705.42146145 0.3866715979299113 35.18574129662611 116.05740891117603 901.5900728944953 305.37849575907626 8.275369487258928 5.7537262435293215 98.76420019834238 301.4224943645671 1033.5686918117894 152.3472222697559 406.6277467256633 1004.4347636814662 7468122.835083554 29344023.092665646 166490871.5351219 2.0975126 0.85852018 2.0425814 642.03757 2.2037829 2.0780103 -0.004876655 0.061241155 O5
2865 H1,V1 13.84860620543822 2865 0.0 5.429180767459701 0.02637484399480308 0.3373147180058463 6951.243163487108 0.00887166889697765 1.7966862662446625 143.32071303669363 330.8629535516876 90.4034609815 2.3531302284173456 43.57877978138772 52.394573750662566 251.10787580650944 3428.040663527509 45.358783002143014 120.98267191366017 298.36432966166154 278244.7088032968 1707097.5359681796 31335617.448591135 4.352725 -0.20932182 2.475205 291.55729 1.4249747 1.3688427 -0.094321239 0.056856151 O5
2866 H1,K1,L1,V1 11.90926992944887 2866 0.0 6.412728007941516 0.04907579804271015 0.12712125865016524 1017839.0874890193 0.09675822473033271 1.4612312168715 91.18545426428318 860.614526715971 241.42140204178025 12.39818822536986 21.308380366216564 29.685038464499705 105.41490487347258 396.0404813571708 121.15985832480169 323.0833670959777 794.6329453650947 2494394.3800466787 10055911.925874365 44655800.00582359 1.2443698 0.10124449 1.1155995 586.99476 2.9633779 2.7834297 -0.20248117 -0.28080422 O5
2871 H1,K1,L1 10.08680666924892 2871 0.0 126.99561969100415 0.4172326173300813 0.16879684387178545 5298911.585784574 0.1818957613783524 22.509296132532963 75.92871022596955 1015.7728846137502 308.80527835368827 7.65461174171592 12.156675892608847 53.41264498841928 160.28826094031783 516.5702955667537 156.57274741571962 416.9484584456774 1015.9205345784612 5977596.832100098 21674434.276068743 96919350.49627006 5.6733491 0.54824203 0.92828996 718.44928 2.8412729 2.6464217 0.32894089 -0.12986982 O5
2872 K1,L1,V1 10.19557503249943 2872 0.0 516.7950620387112 0.5671451873603425 0.5697501753654738 20233220.184746776 0.5147339028376127 4.907212053768097 84.39963063038886 695.4423124213598 233.37684329293998 5.722416986719182 11.434937459877517 81.30057780283498 388.60677292219225 4344.079041714308 114.88113912086556 306.84097750023045 762.8673052894762 3212236.220362955 18835324.05721007 393422733.3093883 4.5395402 -0.19260687 0.4677018 714.00933 2.3733905 2.1480791 -0.00032181607 0.0069284502 O5
2884 H1,K1,L1,V1 11.90338767775091 2884 0.0 50.47564438152383 0.23451284592835545 0.6491765722159994 4029141.5298717264 0.20897045614538923 24.430270596817415 154.47553282324225 890.8499670268714 258.25784880686285 13.254051957474598 21.74051557832769 40.43498394128901 161.86928088831317 698.7268056423054 131.01848457982476 348.93926912191455 851.8841801821519 3783333.3313993635 17254261.263926063 90456636.22574614 3.8925258 0.57274759 0.73167692 986.2606 2.8174431 2.0181705 -0.36746927 0.13502046 O5
2910 H1,L1 10.35574096807176 2910 0.0 214.91162902686602 0.36804140135531016 0.29442328027421133 1430353.3277701978 0.08633547914988958 33.93264855951955 31.45433179754764 633.7149190505138 196.47425298347176 6.589096212751624 18.461944491989545 98.79339869154745 327.90792583018407 1067.0181421762159 102.8327660569023 272.31923546458466 644.4617489711777 3777398.064881779 13147683.942907393 50964595.47715826 4.2953951 -1.3334299 0.67857204 517.81285 1.6668047 1.3461831 0.082583964 -0.16908356 O5
2937 K1,L1,V1 17.46831632847072 2937 0.0 1.5540046399613354 0.24955377736327813 0.8820291064767912 16589.570936314427 0.6257728680438593 1.1388500285195462 81.72124374471605 257.21722902433123 54.3818541312709 16.62899432715838 74.95678089374802 1.201611045677255 3.8866658846190356 15.657155773806636 26.55282382245278 70.94457410581822 177.79145650955687 2762.9507479060676 10592.744029900721 56032.71986618662 5.3986676 -0.37957607 2.8830283 319.79187 1.9441811 1.4796751 -0.087825878 -0.089833714 O5
2944 H1,K1,L1 20.99218019216577 2944 0.0 10.396094331892414 0.48193739017405834 0.18041371688448332 91180.21705535773 0.5047863687325949 0.8583741142190107 89.85680081043392 343.34565037209234 104.4089132091387 8.967872416600141 120.31322946490793 3.3779823088619887 11.016510533435703 66.4565695338491 52.6307782254529 141.35348066945875 346.5502626543536 23933.599979224884 89606.44737596346 631270.6917741809 6.0894067 -0.57253996 2.0929443 246.10101 2.6945951 1.6172304 0.51871403 0.039579852 O5
2945 H1,K1,V1 12.5328277693373 2945 0.0 11.602578946883247 0.3773626298622237 0.7101474540537764 220707.9541738484 0.3553918089578941 2.374403433194362 74.89745332393795 506.2400881901986 125.86881188100399 7.451602804727745 28.857034307671903 4.688776357309239 19.227409008853076 167.63810693862465 63.58081184467795 169.33973567341815 413.9994021206953 88337.84494162444 445263.537502507 4703008.672908024 1.3837906 -0.81107298 0.55725633 574.49837 2.3505184 1.6450594 -0.23572233 -0.060959221 O5
2946 H1,K1,L1,V1 10.68553676146599 2946 0.0 6.838931812150433 0.12699551993074187 0.04506147629192714 622117.3206798005 0.13933936487036433 1.3487252988465848 79.14579676743597 845.7727929695006 247.21191941227235 9.70365984477903 13.070656422885216 12.511091605803506 66.57952503983574 365.7113511035806 125.04402021449164 333.0718346675235 813.7475516115924 1077375.3496771785 6229540.110319314 43622642.10749008 2.3838292 1.3202593 1.3262538 438.06969 2.5872517 1.9815543 -0.19693098 -0.11479555 O5
2954 H1,L1,V1 13.45989732403075 2954 0.0 24.811618386555097 0.32997612694230904 0.6276769448586744 449557.0279823442 0.3219146286668693 2.214760784634201 77.90060725435615 547.203005317354 147.2084202020927 11.960503851188228 37.94455406157409 12.24615963040272 52.892821317012015 343.99059149429 72.01753119937155 193.07952464149503 484.10211370010376 213966.0240053972 1157309.684668266 12999672.651669038 5.2875358 0.091639686 2.6791434 583.54282 2.0367582 1.7258266 -0.012637904 0.055570944 O5
2957 H1,K1,L1 11.18214669920073 2957 0.0 1223.060664483836 0.9328532870744762 0.025591382149342614 30719899.30612155 0.8525245454963007 39.63778318545525 125.98902635555714 573.078635457322 161.7911663988407 11.140813863909518 20.684845076383677 73.79875947274002 269.9144538010801 1020.2382876172052 82.96939990215822 220.52756433705287 532.5492209661876 2275195.580345924 8921453.308484247 38284652.05092975 5.9953196 1.1477781 1.8667036 272.21394 1.2822205 1.2358206 -0.033409234 0.058308281 O5
2959 K1,L1,V1 18.14803814390556 2959 0.0 0.8237208139035481 0.36137896263733704 0.07978412657432858 3071.7570827533473 0.47121160768749704 0.5953168869018324 81.66694311238825 265.67394783121415 44.92243002071104 10.045431656490223 78.79973880362807 0.3985989413664534 1.3152667164489633 5.22278309691856 22.551482287507383 60.09050816068327 147.3997536310886 869.1859815533745 3420.1873440819654 17922.074574213082 4.7658221 0.90961017 0.86144146 202.76949 2.3838647 1.6695689 -0.0053097824 0.13062367 O5
2962 H1,K1,L1,V1 10.13437404647547 2962 0.0 149.39426884758132 0.2967106218102779 0.25233091693422316 8897871.427292598 0.14980410278384493 31.04222646043235 80.44682770036161 1058.9351153588877 315.57346799712445 11.754240396699721 8.56564957081693 88.55013902871629 328.7533404440239 1247.6496947341382 161.61384598467373 429.64213464070644 1039.1272026957952 13125702.464576473 54455998.92839049 251494648.15282443 2.5221868 1.0558466 0.94665279 841.83099 2.430214 1.6301052 -0.020247434 -0.11793226 O5
2963 H1,K1,L1,V1 20.44366339735658 2963 0.0 0.41390946370276965 0.09961653593841001 0.018630263688992788 38426.13903320758 0.6446088903266324 0.45771007545732617 173.3994539193809 387.5769672087519 79.67425581549138 20.554930802155848 113.39300081894176 0.881195303330861 2.7390886251539115 9.303694984585551 40.12284871962032 106.88177076577722 261.69433942300145 6487.572632559024 23689.91219554922 108615.78071343435 3.2630706 0.53286011 2.0315102 220.85295 2.0701312 1.3173257 -0.11893339 0.23162776 O5
2973 H1,L1,V1 13.11539822844936 2973 0.0 27.69669029196773 0.45080850574445824 0.204458242495118 252571.3684788035 0.36383275465352866 4.77999759679245 80.34310802165419 428.1898901507977 107.70939420399374 10.976754217768406 34.75502997283474 8.755847268161695 33.47336534118117 162.1634834940197 54.49549929368743 144.8461646729902 352.2823810642098 107007.95557176445 429947.27826835937 2579666.807558499 5.9939757 -0.25219546 0.88303247 338.04328 1.7220582 1.4349836 -0.1014499 -0.047867703 O5
2981 K1,L1 11.80426537159968 2981 0.0 47.7348260713859 0.10937394794601285 0.2446788851051722 78605.8262854541 0.013072181385044712 5.026404323960072 122.6590302111581 521.8139817876903 120.84593370558049 4.620366145075629 26.817075046149707 90.91534118126586 255.52241684168115 690.3821065283198 59.9094179884836 159.86614716938004 395.46162906197884 1467030.687372218 4582883.661031797 20413716.0338881 1.7061291 0.16231165 0.8685675 437.79024 2.464852 1.8469819 -0.13251402 0.059923032 O5
2982 H1,K1,L1,V1 20.65761576664635 2982 0.0 5.376724914633998 0.5126524309373677 0.8955263774134176 149556.6590719797 0.6705320847178363 1.4258351820256157 85.23964976798743 436.4581129603875 89.84858882807474 20.35682561105785 118.11207073588855 1.338265151383745 5.115083650626896 32.64081300505034 45.34939565779416 120.79731047241927 295.5373897956885 14670.814742153267 68860.96090477516 502392.2406312386 1.3637744 -0.39944072 0.29070263 549.11457 2.2896748 1.8236019 -0.0087806696 -0.089696082 O5
2987 H1,K1,L1,V1 11.22488201709433 2987 0.0 4.812824496757897 0.33535544620792695 0.019514862061947146 201367.198994289 0.5158265787851544 0.9292734185940843 115.58799187839031 535.6293908409102 124.20695715275393 16.32352362851586 17.659739067629356 2.584038566139938 8.408564283063118 34.88910618537357 62.62097139781696 166.7590152668991 407.46653798112015 48212.52185583793 189837.06115373716 1126617.1479158413 2.4435086 0.56302952 1.1362373 286.25832 2.0492857 1.7810596 0.038177666 -0.056645383 O5
2996 H1,K1,L1,V1 12.20273925529689 2996 0.0 2.3342854507436033 0.19162803843552692 0.7384212269769171 92832.84989110127 0.2760685075218685 1.285641043918748 79.80851793661714 591.0778784264178 143.9874442208784 14.241008696838549 22.53321218750985 2.459551276645416 10.175858978873592 186.13491662432764 69.28430591744723 185.3299990851325 468.0237750866186 57202.84641761152 293855.31360524346 8703276.138371604 3.6245977 0.90728988 2.4835798 674.30034 1.5744536 1.4798732 -0.028129614 0.052896394 O5
3029 H1,L1,V1 16.08298533801677 3029 0.0 0.12950038666344216 0.00884554226232815 0.5930431056698805 4388.361894648869 0.035220658848547005 0.1358005933877413 76.62973287235945 424.58091771079586 87.22236908093043 12.547950331248078 61.10025281503706 3.439214447614106 12.354504116494688 56.354065797552764 43.98000134775418 117.14128884592304 286.485380131595 33555.29639515473 144855.15162563018 843615.7114377028 4.4871582 -0.87112911 0.5709266 444.5881 3.136749 2.4313688 0.030012995 -0.037560499 O5
3030 L1,V1 15.48287695291486 3030 0.0 3.3309466544318607 0.05483957410992751 0.7085864475403362 53997.04855868212 0.09818888527882927 2.417874710130809 119.02382320072502 394.98094162434677 97.02357331442028 5.895360103124226 57.592825618689965 13.43608466186637 44.282757605002374 204.13222772690543 48.42631591668885 129.21665645749272 319.5326000901995 126517.64391605603 488165.41217989905 2491205.1285529863 4.1621538 0.59041995 0.56475627 448.92311 2.1919479 1.5960323 0.096880588 0.32706781 O5
3032 H1,L1,V1 11.67912417953374 3032 0.0 7.20284429112873 0.12873702710577573 0.304878423070688 77786.9964288376 0.07300295766687055 1.3422454276593117 74.96582894586027 547.9307112069449 147.34477100412903 8.853762435330907 22.850158752235263 13.607218867311307 77.12458188775312 351.4045610555739 74.38437958936697 198.11138005835085 485.09533439792716 349493.3279390849 2184741.673506467 12975407.814002931 4.6558113 -1.2092029 1.0179439 471.75585 1.374369 1.3322164 -0.35932278 -0.078400042 O5
