data/uvex_bns_O5.ecsv
# %ECSV 1.0
# ---
# datatype:
# - {name: coinc_event_id, datatype: int64}
# - {name: ifos, datatype: string}
# - {name: snr, datatype: float64}
# - {name: simulation_id, datatype: int64}
# - {name: far, datatype: float64}
# - {name: searched_area, datatype: float64}
# - {name: searched_prob, datatype: float64}
# - {name: searched_prob_dist, datatype: float64}
# - {name: searched_vol, datatype: float64}
# - {name: searched_prob_vol, datatype: float64}
# - {name: offset, datatype: float64}
# - {name: runtime, datatype: float64}
# - {name: distmean, datatype: float64}
# - {name: diststd, datatype: float64}
# - {name: log_bci, datatype: float64}
# - {name: log_bsn, datatype: float64}
# - {name: area(20), datatype: float64}
# - {name: area(50), datatype: float64}
# - {name: area(90), datatype: float64}
# - {name: dist(20), datatype: float64}
# - {name: dist(50), datatype: float64}
# - {name: dist(90), datatype: float64}
# - {name: vol(20), datatype: float64}
# - {name: vol(50), datatype: float64}
# - {name: vol(90), datatype: float64}
# - {name: longitude, datatype: float64}
# - {name: latitude, datatype: float64}
# - {name: inclination, datatype: float64}
# - {name: distance, datatype: float64}
# - {name: mass1, datatype: float64}
# - {name: mass2, datatype: float64}
# - {name: spin1z, datatype: float64}
# - {name: spin2z, datatype: float64}
# - {name: run, datatype: string}
# meta: !!omap
# - effective_rate:
#     O5: !astropy.units.Quantity
#       unit: !astropy.units.Unit {unit: 1 / (yr Mpc3)}
#       value: 2.7123599515211423e-06
# schema: astropy-2.0
coinc_event_id ifos snr simulation_id far searched_area searched_prob searched_prob_dist searched_vol searched_prob_vol offset runtime distmean diststd log_bci log_bsn area(20) area(50) area(90) dist(20) dist(50) dist(90) vol(20) vol(50) vol(90) longitude latitude inclination distance mass1 mass2 spin1z spin2z run
[from data line 576]
4992 K1,L1,V1 13.2270567406165 4992 0.0 16.510479676887932 0.25401291521628927 0.7515489297519994 317681.389014055 0.4400287337397121 3.1062278467481534 81.96654903609306 411.49757465201685 101.23730605182364 9.060294974253068 34.60897173269443 12.638334778239898 37.461480646526354 168.81314096781136 49.86912413162702 133.18186102569092 331.5880752939941 108456.47164936655 394341.2509039787 2735032.2240359024 5.9723098 0.15956381 2.8699899 476.72074 2.2223431 1.5877652 -0.25595895 -0.18349554 O5
4994 H1,K1 13.38292127880452 4994 0.0 744.2436398909499 0.23416581354770566 0.6956026183873641 9353905.767035818 0.2926367179373751 169.92202714410533 75.23452620208263 382.4643359986801 114.32836980448283 0.9694693861928805 40.39761323361657 616.1131972484576 2173.726088071658 8566.702863621336 58.60193590631445 155.88503815613683 376.389567140942 5519535.004015089 22783816.629414216 108875691.37691805 2.4618489 -1.0379971 0.38571417 438.71778 2.1164781 1.3478367 -0.0025970201 0.21278485 O5
5031 H1,K1,L1,V1 12.3616762311109 5031 0.0 124.94984143080042 0.7241199051977095 0.8668889863414465 6157401.952945244 0.7181775769626043 61.43289319305261 85.80807218048722 678.4597838830077 199.49496365265273 13.126505727217538 26.935578532748213 11.140547306216561 46.28041863400102 527.529873881091 91.79740215636537 248.2069528128295 656.5055971322947 357104.1900961094 1764151.0937546678 43276748.531056665 0.23483458 0.77241612 2.5631681 894.5225 2.7345932 1.9567396 -0.33448288 0.20411989 O5
5037 H1,K1,L1,V1 13.24352748676799 5037 0.0 15.395792804341548 0.4815483930582402 0.7651916237318301 547302.3688977812 0.49792344443743364 122.53054071177779 82.57671167515218 580.732721161496 151.1468277192392 14.259583723581642 32.00633215008914 3.5855233729112976 16.968871906856442 183.30348223187002 74.78350124286283 199.8028676039462 497.37560651322093 88261.23431916785 553734.687544935 7769536.005819708 1.3246246 -0.88320322 0.52693422 687.21222 2.0773321 1.4462967 0.044728017 -0.19748728 O5
5039 L1,V1 13.44546840393435 5039 0.0 98.51209160665088 0.3881227750434131 0.1933023307024375 1849786.5929471625 0.3313911428624918 12.962948684108541 71.52031102962792 526.8223147090996 139.50929908104771 2.632310968052195 39.61408890256355 37.82791473021058 182.5503246413135 4140.89724659934 71.11328912515171 189.19253384628894 459.3364723470237 842058.1305905137 5020711.203639023 104893381.02984878 1.2547244 0.41805441 0.88543697 404.85393 2.8564998 2.0403458 0.40825837 0.037175611 O5
5046 H1,K1,L1,V1 10.13335225061094 5046 0.0 2.6654130217057967 0.10063178111589516 0.7223546444507639 575538.9928416755 0.26569470815775487 0.9991006458241124 155.85331843513995 837.1991102991702 236.92960527203732 12.820071225747885 10.583572369531776 5.751978930725575 19.24560820978582 104.14474641175941 119.83921002976797 319.03664574002767 778.1374866697461 391725.4169849207 1605322.1046173049 13406473.646909896 2.8597379 -0.86154379 0.3412064 971.92957 2.298231 2.1222922 0.27815706 -0.22797776 O5
5053 H1,L1,V1 11.6420520693979 5053 0.0 12.589404678167824 0.17210971474962264 0.042179261425714626 235942.34289125024 0.1117938714135631 162.62936065555022 78.03350437059999 682.6071428975104 184.5330412538528 9.272258884707686 22.30055816187369 16.685991040227083 147.9652478954271 828.4110962129225 93.11985965579811 247.95280430683408 606.1529121013766 685779.3863998683 7047065.859655709 53460258.122896254 5.8261956 1.0964428 1.1972557 379.43306 1.6699998 1.6168402 -0.022885427 0.0045888393 O5
5075 H1,L1 18.63383827884396 5075 0.0 12.287783524419877 0.12576185552180844 0.4633198951317673 21838.40387999984 0.04511518943174989 0.45091973641476624 36.75712863355875 320.81640057204646 82.66126757521627 9.136134390900324 96.91470279448085 20.77938308774927 71.02134770789213 296.90821885855013 41.59088707043304 110.88667196300742 272.95240670460794 123030.69385399607 476228.1918279457 2067397.6876034294 6.18627 0.49334932 2.2977828 313.53721 1.4761005 1.2761552 -0.088171076 -0.16271967 O5
5094 K1,L1,V1 11.68460012317103 5094 0.0 3.5965044093619083 0.25679361281032176 0.04207955101377982 82509.73109356349 0.35855551603013736 0.5423676360063763 83.94152793940157 458.5351792555703 122.55012779434422 7.596014886243495 20.055582534740356 2.6181879174875546 10.778966175063221 196.39758146403528 56.07746855005968 150.4967649449303 394.0086391760286 32507.31770675598 181725.8610173168 4517755.541610578 5.2145683 0.72936516 1.9164517 263.32356 1.8493432 1.7726675 -0.042265367 -0.0092685529 O5
5096 H1,K1,L1,V1 10.84791360205859 5096 0.0 61.97659011355604 0.28088233221660946 0.5722435590100651 5288057.028055362 0.2711379624414402 37.52777111250169 85.70854940637946 917.7821514975167 267.4220320033888 13.329549940884739 14.192813885764952 39.077135568787014 154.35758507483808 631.7444726764795 135.32756281947638 360.2784529348238 878.5410258347133 3373104.8616046817 15333977.64936193 96163024.51061676 0.41308339 0.27840213 0.55672377 957.38141 3.1610463 2.1809695 -0.38331074 0.0083785063 O5
5098 L1,V1 10.93395919829991 5098 0.0 247.32934607314138 0.22746599403049161 0.47963450406482716 1334597.4441831252 0.12402438519478313 23.059446222911884 68.3598546050489 419.02203932452204 120.54490635769221 2.652790332339716 21.704506139840998 211.23573711300105 752.135710161209 7011.228098416656 60.6030416397947 161.4130526876516 395.1589228895276 2424511.9652521904 10238554.817701083 117412389.31846705 3.9014003 0.2458531 0.53026972 407.16573 1.5943332 1.2734588 -0.011832734 0.057553354 O5
5107 H1,K1,L1,V1 13.26528596320532 5107 0.0 3.0948953167160638 0.44068266468400513 0.8023093527590004 144808.26679490585 0.48847669851220316 0.6903504281340721 82.99928459245712 656.2429211030646 152.55203330145693 17.801456590557116 31.2534173095191 1.1046786682418999 3.7890726311721585 19.84583499067481 77.18185443629227 205.50293257627004 501.4208494878379 36389.360437768635 151664.69801710037 1083883.9273144365 3.2805118 0.33659898 0.47578022 785.08288 3.2057284 2.8438495 0.20998868 -0.040620747 O5
5111 H1,K1,L1,V1 10.21109811563884 5111 0.0 198.54540294524418 0.5400706517362233 0.6934313649314034 12827366.774786247 0.5984297839055358 7.3137865685538594 87.92427906487137 651.2121850673323 263.56873459813846 7.3030365711298835 6.510374243233581 52.68181007600706 174.90958823201265 792.0689543111705 133.56724570652307 355.0080854923678 859.3926923778627 1929036.552281492 8533725.307162436 69729861.76876178 3.107117 0.041185718 2.4902475 768.38322 2.6716493 1.3935964 -0.28623012 0.21483868 O5
5124 H1,K1,L1 48.4041659771824 5124 0.0 0.4368588993140132 0.2992600663690415 0.5335230740342723 103.65974563909005 0.13526526772503328 0.49202870780524055 121.20961088594049 179.50118930096033 25.752925042843774 29.901211762488465 772.0720190280597 0.273586647884814 0.8560953404431089 2.9159872313121387 12.883070570616525 34.3464493455692 84.50938911790945 166.17489828550183 613.0276294439645 2786.768973452354 4.4362395 -0.19996714 0.52510083 181.87249 2.7279455 2.6930525 -0.31995409 0.11362214 O5
5137 H1,K1,L1,V1 56.16982091001665 5137 0.0 0.018851322109235187 0.13547978188720117 0.1860372044091185 0.8731924708152626 0.6323164234530503 0.061578551634374 100.62998832575977 66.1165259275838 3.048317365168494 41.38707337990105 1041.1717937146857 0.028993568381940185 0.0903578640050419 0.3118368110494766 1.062236760895658 2.8356062482998112 7.130219068370785 0.1540522378078129 0.5611645542175786 2.613425012258308 3.1067796 1.4497811 1.3551546 64.043087 2.6540895 1.6603274 -0.077862543 -0.083679654 O5
5146 H1,K1,L1,V1 11.14557527720718 5146 0.0 87.23408324912488 0.6176542439006026 0.92038182435246 4481690.536980085 0.7733398728808902 6.061326884813639 86.01823231810704 550.2439622594667 145.1047475368497 12.943514740678975 17.38271797583209 18.981408146998007 61.57057755692574 232.98030631811835 73.13321330295616 194.86787762075505 477.43015803585996 428979.3324783768 1651296.624919571 8386412.147669015 3.060761 0.11372473 3.0720855 755.36227 2.122067 1.5052321 -0.017646168 -0.0086428161 O5
5152 L1,V1 11.2457560342577 5152 0.0 115.40287621653538 0.10251688203373537 0.6537643342943957 2549922.448040932 0.09284610455575486 27.67568983511886 70.04125122819096 525.8716563356749 157.9841879609001 2.037323267339591 23.8456865488983 305.4459240786414 1818.626295931058 8613.096017219514 82.02944743927156 217.15938487354526 517.9895342306475 7957844.060321911 43898288.34720439 259355335.95695564 2.9573194 0.54587827 0.59487178 584.16877 2.0772092 1.7288112 -0.04327765 -0.035384854 O5
5154 H1,K1,L1,V1 11.78812932905668 5154 0.0 3.3932379796622305 0.5942135637442778 0.4746282496701309 20623.019606607588 0.43432143774965043 0.8592167794524501 144.18734697438776 403.13058190212126 91.22824691419967 19.21584572175802 19.196134053158666 0.7540293379536384 2.5281485770998047 9.955519871986699 45.9301578207033 122.33406719448845 299.2118029754988 6603.298710530538 26501.679558798438 145160.70976683166 0.37010914 -1.1981734 0.46696602 396.4098 1.8856144 1.5701593 -0.11724912 -0.032138554 O5
5168 H1,L1,V1 10.68493440343594 5168 0.0 82.56551234764662 0.29746250399101826 0.22855776363331826 1886818.9363378042 0.18514047515792426 2.6031207478274982 115.36238770931959 665.734189011188 194.41738138195126 9.125705108897566 16.422242316322833 44.89338749623064 214.49450566051956 967.7875386146976 99.23112265035195 263.7685748042147 639.0509841458291 2122688.206113642 10451782.862167006 57887199.006637074 1.1305301 -0.19711236 0.87036905 517.7211 2.3310714 1.8469929 0.03777428 -0.00050611151 O5
5173 H1,L1 10.9183513402467 5173 0.0 32.15543778215282 0.0789427720065445 0.4855757473216397 913308.8518585002 0.029551425352837273 7.586038761081815 32.535665115341544 854.1855296265039 250.19808609628754 7.365006512264564 23.050779243132673 95.87400831358947 368.0350091615118 1492.123498911639 128.97769151264185 342.60123527934184 823.7407482446829 8824695.910232913 35704451.42156241 151175274.36858004 3.0498791 0.96509467 2.1463664 838.26961 3.1995068 1.8186611 0.095433511 -0.25386556 O5
5183 H1,K1,L1,V1 20.88153314916183 5183 0.0 0.8130657187983278 0.3032849313379861 0.85746600148679 7024.416073385206 0.4955744697574134 0.34654847603647015 88.63965737633407 326.40566387571573 55.27796169068862 20.61322778717517 115.92814745462567 0.5001510573066537 1.573560271467468 5.466572509256108 27.764401219807212 73.9762332437395 181.3646810563321 1919.7225378460325 7133.875442543397 33244.76842749174 3.9812598 0.73701536 0.25124978 385.16364 1.7657271 1.5956063 0.032964509 0.028611821 O5
5185 H1,K1 17.0920532838673 5185 0.0 1118.1489588324434 0.48889247034171424 0.17139428526085793 5873350.225103664 0.48056037525189027 14.452292273787142 69.13547052256763 302.25846573446563 88.4109927811506 0.3983170005976788 77.32541786071192 334.91000371240915 1161.832097340455 5655.513981520744 45.29312648899116 120.61632732399954 291.33225382894193 1568769.3068023198 6329225.47395359 36648806.54933545 5.7180145 -0.69324714 1.1556091 216.53472 2.0001136 1.6501129 -0.13121241 -0.16844905 O5
5188 H1,K1,L1,V1 21.21731446246097 5188 0.0 0.10982944185380533 0.031685004281794424 0.6702021342326451 2873.9555595712814 0.08790528836724479 0.15678887302923317 159.00519784912467 424.2379689423335 89.37202728844234 18.052521014912976 118.01672465899168 0.7760801366431198 2.575606889108068 12.243077152280092 44.179039343591 117.8791525078397 292.22009381610684 7686.288071669193 30806.49037835442 175434.4062644255 0.33938407 0.74514478 2.7769667 463.40429 1.9153146 1.8353818 -0.074475927 0.2149384 O5
5221 H1,K1,L1,V1 10.30788242192533 5221 0.0 0.573735890281073 0.023204897739668714 0.03380884334016699 10897.649489311012 0.029311720042641112 0.5036544497442005 152.35196778085083 751.246456114358 261.0939953502678 12.71570857720262 11.655014103914333 12.30157946567885 128.59285681034336 851.6868891554029 150.45045698731872 384.54416365781003 841.2036812628203 382701.1980601166 9548060.313858144 87615467.74319412 2.0196953 -1.0476412 2.3045078 323.04117 1.5112034 1.4609372 -0.071147232 -0.26463977 O5
5238 L1 10.11807525319106 5238 0.0 5467.998098550084 0.3363565247881673 0.7728514500387577 730129440.0539899 0.5829350394316614 150.48501460007915 19.590989641845226 728.4563297140712 256.5541865687045 -0.00032904819744317 21.475476246373923 3022.916221978493 9032.707310619911 25857.904782419246 136.4480938078592 359.21202047247436 838.3808552411881 225950590.56246597 605018966.4345567 1525826319.9007192 0.2982628 -0.80532884 2.6268305 919.74459 3.2827425 2.9407672 -0.012602457 -0.037389045 O5
5265 H1,K1,L1,V1 36.71497655565911 5265 0.0 1.0261676209027326 0.5791243900250795 0.5022277341540604 1863.5655765477084 0.4014590722282252 0.7799351790561041 146.81343082338572 270.7099669960996 55.52133509397719 31.41368061019356 428.6252781328063 0.25468752163897584 0.813854064842251 2.950941468697308 28.213975160100915 75.09178071711526 182.74072997974912 711.0589702588459 2678.7336775644735 12902.407725998135 3.5127266 1.011462 2.5088734 270.64586 2.882293 2.5085646 9.1584912e-05 -0.20863035 O5
5270 H1,L1,V1 10.05441313427962 5270 0.0 581.2108493086571 0.7362223662547183 0.4504577579273746 97816474.05692165 0.6395693312007755 133.91969262671168 75.176199269481 1212.6834238354822 365.407212748359 9.465262900496244 11.947396074882215 54.83978868132902 253.27458896949375 1108.7057455474455 184.87508280045017 492.46692772824326 1202.4208972785364 9647021.615154322 55855806.26358775 317569058.302134 5.7323901 0.51009181 0.60376882 1152.6921 2.866023 2.716785 -0.15765112 -0.091736596 O5
5276 L1,V1 10.62031819618611 5276 0.0 7606.518306548511 0.7576403316152532 0.7214902034495569 434132863.11298007 0.7234105131474677 41.146970574557656 121.04082892462611 707.6378215845939 227.58005800102433 1.708929867403043 16.574644313897135 1157.5118022296774 3971.046943870352 11088.611156602823 116.42168079104579 309.32403142518694 746.9603690021798 53858834.12893062 215649269.13971367 802238163.594028 3.1047484 0.578226 0.38272154 833.77656 2.5919401 2.3519162 0.018561642 0.050987824 O5
5282 K1,L1,V1 12.7645581646185 5282 0.0 2.2170794045860616 0.340727714588861 0.0019531107995054552 63386.86562977679 0.739266139340265 0.9832272706955185 80.20019235275686 333.3945134768712 87.08006610119229 9.132115072998062 28.965527734514495 1.179817951340672 3.759906368035173 19.283047596660623 42.34094567262338 112.97330387397903 281.02587242571127 6237.843040125992 24320.311572515697 189219.7456284209 1.4232292 -0.98912912 1.2996627 107.81741 2.2505475 1.3585306 0.063164591 -0.0093685018 O5
5287 H1,K1,L1,V1 11.33522345424221 5287 0.0 5.940625332510418 0.10441121226876178 0.28502644724022186 34305.59797834151 0.03056771057090607 1.51617539463272 86.98127489350736 637.2450294626638 172.4394953563513 12.832149364960543 16.99887593055481 13.357689900532487 55.82541815499617 373.6091699619642 85.84773418254167 229.2569946782828 566.4638125235945 413415.28676273365 2299971.4058664446 20871811.005224627 2.7821227 -0.48241988 0.21096227 535.62624 1.7586435 1.6660646 0.035337677 -0.0044594926 O5
5294 H1,L1,V1 18.59137167850998 5294 0.0 46.97421620540845 0.5392096778433343 0.6581188789731091 428388.9035352532 0.5047214815074924 140.15723202514292 112.90907961700577 382.8207115401546 97.66633706641453 12.437896092565765 92.0518921865055 5.990850465096405 38.337027603709984 252.0818345602576 49.51763153052775 132.09627775378328 322.43866358028214 57660.33314781509 418125.8398908841 2958553.401611841 5.8233012 0.66723898 2.6006054 423.2179 1.8007512 1.4512761 0.28275228 0.0065648116 O5
